2
3
4
5
6
6
6
7
8
9
10
11
12
14
4
16
17
18
19
20
21
22
22
25
25
0
25
29
29
2
2
2
8
33
34
35
26
96
56
40
41
41
17
15
45
16
47
48
23
55
51
25
53
55
54
56
25
139
68
68
27
62
63
38
39
66
41
41
43
1
45
15
47
48
74
107
77
77
79
107
54
56
56
84
189
85
89
88
89
65
181
66
30
41
190
59
97
41
73
48
100
107
77
77
105
80
80
82
56
84
113
112
113
88
88
113
114
56
116
233
119
120
271
41
99
100
153
129
129
129
131
106
106
108
82
136
137
138
189
189
29
164
27
116
142
117
145
146
271
94
151
100
153
129
76
129
130
132
132
160
134
162
58
34
29
165
35
166
82
116
143
169
145
145
326
120
177
126
179
180
157
181
156
158
157
159
160
40
139
43
69
36
52
166
108
149
194
196
349
197
352
120
203
243
205
180
183
214
91
210
211
63
213
214
216
215
217
62
63
132
82
201
221
222
223
223
224
276
210
230
205
214
240
239
235
255
237
238
239
240
241
242
86
86
63
157
90
246
247
248
249
249
250
276
237
237
226
258
257
259
280
262
263
278
270
267
267
211
239
239
240
184
271
272
273
274
275
275
276
276
237
259
302
284
353
285
305
306
290
292
294
294
297
265
265
296
328
265
328
260
273
300
300
301
258
262
290
305
308
309
331
311
320
331
331
320
319
319
319
321
321
322
288
291
287
287
145
326
282
303
329
331
320
311
334
335
336
337
346
348
348
346
346
317
317
312
313
313
313
317
317
317
171
325
282
304
330
357
347
337
358
360
362
363
373
373
373
373
370
372
430
430
431
431
340
340
340
341
349
378
380
381
379
432
432
457
460
460
387
388
391
365
396
395
396
448
448
470
399
453
400
369
454
369
375
376
380
381
381
448
410
451
461
461
439
438
391
419
393
394
395
396
397
475
476
478
426
426
426
369
401
402
377
381
363
409
410
411
413
461
463
464
443
444
417
446
447
422
423
424
476
425
452
426
399
453
427
428
432
433
409
461
411
437
438
462
467
464
442
444
470
446
447
474
474
424
477
478
479
480
481
481
482
482
484
451
477
462
462
464
465
492
493
490
