-414
-21
-174
-18
160
121
-459
-50
-103
-7
21
218
-469
36
-56
-191
37
153
-469
32
-49
-165
30
127
-471
-41
-29
-7
63
159
-412
-17
-25
-21
-1
62
-410
23
-9
1
-27
61
-419
-27
0
-13
16
63
-533
-8
15
0
4
130
-507
33
17
-4
-1
133
-522
10
19
8
36
131
-431
-8
28
-66
-26
148
-410
42
28
5
-33
83
-429
31
41
-30
4
38
-458
25
42
-60
96
160
-467
-88
46
-13
-15
156
-409
-25
48
1
88
187
-408
-39
-40
-207
26
179
-407
-6
8
-113
-14
174
-404
-37
36
-10
35
64
-403
26
-177
-125
34
126
-400
-59
-1
9
-20
89
-398
-62
-19
1
-34
88
-397
27
-200
-139
44
152
-396
-67
-16
-60
132
186
-386
-21
39
11
52
65
-384
-30
-60
-24
35
217
-381
-121
-55
-11
71
185
-381
37
-35
-26
18
60
-380
-124
-69
-18
-12
244
-374
-29
-30
-31
0
86
1023
1023
1023
1023
1023
-1
-481
62
-102
0
46
192
-431
74
-50
-18
-4
36
-423
63
-44
-119
19
75
-449
55
-43
-142
35
101
-438
46
-6
-30
-6
37
-426
94
0
1
4
26
-476
79
1
-4
-17
52
-512
89
10
-13
-24
78
-542
61
13
-6
-6
104
-431
66
21
3
-11
51
-434
49
32
-44
-7
122
-458
71
33
-12
-25
53
-520
64
40
-6
5
105
-488
79
47
-19
-18
79
-438
63
88
-52
-38
108
-456
59
100
-56
-1
134
-415
87
22
-6
-21
27
-411
53
65
-45
-37
82
-409
78
-52
-92
-7
49
-407
101
33
-41
0
96
-405
49
-52
-12
50
191
-404
118
-44
-8
-32
35
-399
187
-14
-27
0
11
-398
161
28
-28
-20
12
-394
57
53
-29
-26
56
-394
93
19
2
3
25
-389
56
-155
-104
55
100
-380
201
-61
-12
20
10
-378
107
34
-41
-27
70
-374
135
56
-6
-32
13
-371
127
-46
-4
-3
34
1023
1023
1023
1023
1023
-1
-461
-76
17
18
27
157
-427
39
51
19
-41
109
-466
39
33
27
-39
103
-441
43
72
39
-25
135
-484
31
45
45
-8
155
-491
39
31
48
-24
129
-543
12
-18
51
36
132
-474
-68
142
56
13
180
-551
36
127
59
-38
154
-548
33
104
63
-50
128
-487
-73
-51
66
52
158
-420
37
7
135
6
124
-415
-1
10
153
44
150
-449
43
-96
247
-74
125
-419
-6
-83
272
-77
177
-449
19
-100
288
-54
151
-411
37
56
11
18
39
-409
31
47
111
-51
136
-407
11
37
101
-81
110
-403
20
24
81
-56
84
-401
-41
7
19
-34
87
-400
-78
47
37
45
181
-399
-3
-39
36
-15
114
-398
-3
11
152
41
176
-393
-158
126
82
19
206
-392
4
64
39
36
188
-388
-29
10
42
-30
113
-382
-152
-63
64
36
184
-376
44
-6
25
29
189
-375
15
34
47
40
66
-373
-29
-42
45
29
216
1023
1023
1023
1023
1023
-1
-446
53
21
14
-13
77
-497
69
20
18
-21
107
-430
73
-99
21
97
95
-422
104
19
22
-21
24
-460
152
-80
23
41
166
-440
74
16
29
-29
55
-457
59
82
30
30
161
-466
74
13
32
-19
81
-471
79
33
37
-45
50
-471
81
10
44
-13
54
-491
59
57
45
-35
76
-520
53
83
48
-48
102
-503
80
12
55
5
80
-537
65
2
57
19
106
-426
75
71
87
-10
162
-420
79
-93
198
-52
99
-416
96
17
21
-15
28
-416
102
-64
30
18
69
-404
111
-30
14
28
165
-398
104
-53
39
36
140
-395
60
-41
43
35
190
-395
78
3
115
-8
98
-393
64
21
12
1
57
-393
125
-37
27
-11
164
-390
88
21
17
-2
29
-389
66
13
68
-7
58
-386
94
-90
158
-46
73
-386
112
-2
30
-26
163
-383
50
58
52
19
40
-376
51
9
45
12
139
-374
106
-43
29
-16
43
1023
1023
1023
1023
1023
-1
-350
-15
-176
-168
-6
178
-368
73
-132
-94
39
74
-368
-101
-265
-80
171
147
-352
82
-121
-74
17
48
-362
-24
-29
-22
-30
112
-356
46
-21
-8
-12
138
-368
-10
-25
-6
-2
85
-365
47
-28
-5
43
59
-359
-13
-19
-2
-53
111
-355
42
-8
2
-44
137
-368
64
-27
16
21
68
-349
85
-6
29
-9
42
-366
47
-9
38
32
67
-369
90
-6
112
-13
72
-354
97
-89
128
-41
47
-362
-59
-64
223
-87
203
-349
-31
-17
21
46
215
-348
129
-29
18
32
33
-347
134
-78
-111
-6
23
-344
-106
-42
-38
39
212
-341
-115
-24
-168
-14
205
-339
-50
-22
-160
31
200
-338
199
-67
2
14
9
-336
89
-18
106
-2
46
-328
-87
-55
-33
-15
243
-323
-3
-72
-32
134
94
-318
-97
-47
40
-15
242
-315
-24
-51
57
84
93
-315
-121
-66
57
-76
210
-314
-120
-60
-14
-36
211
-308
-47
-8
125
54
228
1023
1023
1023
1023
1023
-1
-367
-153
57
-13
-27
182
-363
-152
20
36
-5
183
-354
-93
15
-1
69
213
-348
-87
70
-32
-23
90
-353
-36
3
136
46
202
-365
-25
27
-8
-68
115
-348
33
183
-139
9
123
-357
41
238
-126
-46
175
-354
55
190
-132
-91
193
-356
69
13
39
23
41
-361
81
37
-1
14
30
-350
85
148
-103
-136
167
-354
110
20
18
41
31
-356
117
16
5
9
1
-361
123
7
-2
26
0
-353
134
8
50
26
32
-347
2
215
-151
-18
149
-347
-63
44
15
46
214
-344
138
24
9
17
2
-338
16
186
-122
19
219
-337
110
66
17
-20
14
-334
99
29
-33
-35
44
-333
73
158
-110
5
97
-330
22
234
-84
2
201
-324
-144
28
40
40
207
-323
-51
9
83
38
92
-322
91
139
-69
-19
71
-320
150
34
5
43
3
-320
45
82
-63
-85
141
-319
-91
70
-8
2
91
-313
-140
96
121
-31
232
1023
1023
1023
1023
1023
-1
-210
87
-168
-129
-220
251
-207
43
-289
-199
-138
225
-239
-55
-65
-154
-122
230
-196
-104
-60
-19
-87
237
-295
-63
-128
-170
-84
204
-305
-63
-50
168
-80
229
-232
-129
-62
-33
-36
238
-236
-34
-52
-162
-21
252
-275
168
-149
-89
-6
22
-263
173
-103
132
-5
21
-304
185
-51
30
23
8
-222
-47
-364
-213
60
199
-297
-73
-353
-162
155
173
-184
-181
-150
102
160
119
-126
-195
-291
-108
195
146
-231
-130
-175
-82
226
120
-299
95
-35
18
17
17
-290
-100
-35
27
26
241
-279
-67
-45
-182
27
226
-278
181
-20
29
18
7
-257
-37
-1
98
34
254
-255
-143
-22
-9
25
239
-239
-44
-27
105
-73
255
-206
-243
-43
-31
-31
270
-199
-166
-4
168
-21
118
-193
-91
-43
45
-77
236
-176
-187
-40
-41
-31
269
-176
-35
-3
-114
-115
256
-167
-194
-40
16
-17
268
-139
-194
-39
6
41
267
-139
-4
-28
-64
-169
277
1023
1023
1023
1023
1023
-1
-266
-122
13
2
41
240
-299
-108
10
54
-70
209
-272
-105
1
-112
-52
231
-296
-104
35
4
-31
208
-262
-91
160
-105
-140
116
-263
-44
164
14
61
253
-303
-36
134
-68
75
245
-298
-25
211
-27
53
227
-292
85
106
-44
-25
45
-292
87
1
38
19
16
-304
92
30
28
17
15
-253
123
51
-51
35
18
-301
149
34
17
44
4
-243
160
0
127
86
20
-283
163
29
22
21
5
-271
185
12
18
5
6
-239
-135
4
39
-20
233
-205
149
134
-43
81
19
-189
-161
172
-29
-145
117
-185
-176
53
-25
95
271
-185
-71
33
-4
22
234
-184
-77
19
42
-17
235
-178
95
296
-58
236
246
-177
-127
101
100
-30
258
-173
-86
34
-73
-42
257
-171
-47
273
-163
-198
142
-142
6
405
-194
-193
168
-142
98
449
-137
153
220
-126
-45
135
-24
260
272
-122
53
486
-188
-33
194
1023
1023
1023
1023
1023
-1
1023
1023
1023
1023
1023
-1
-82
-211
-53
-22
21
265
-50
-191
-67
-27
-24
264
-35
-264
-273
158
129
145
-10
-176
-87
-57
1
326
3
-234
-38
14
108
297
65
-248
-98
-71
-29
325
68
-252
-28
-18
35
294
92
-243
-39
-29
55
293
110
-183
-380
220
43
171
121
-234
-38
-25
56
292
122
-210
-122
23
28
324
145
-231
-51
-14
37
291
161
-228
-119
67
58
323
277
-261
-37
-21
-23
319
298
-243
-44
-14
-33
318
314
-232
-43
5
-38
317
40
-286
-20
-26
10
296
246
-279
-11
0
-18
322
248
-278
-15
-1
-15
321
261
-269
-18
-14
-13
320
52
-258
-21
-25
25
295
322
-242
-6
2
-53
313
319
-238
-13
0
-61
312
324
-236
-17
22
-34
316
162
-233
-26
3
34
290
332
-232
-2
8
-27
315
170
-231
-1
-20
50
286
178
-225
-9
-6
42
289
-107
-202
-14
-15
61
266
416
-170
-11
12
-62
347
0
-167
-16
-1
181
298
1023
1023
1023
1023
1023
-1
-98
143
-94
-57
-152
276
-88
269
-252
-66
-296
250
-70
239
-63
-28
-29
275
-13
-112
-408
-117
105
172
-2
363
-209
45
-171
249
6
206
-382
-117
-254
224
55
27
-447
-138
-49
198
133
-161
-90
-50
-43
352
135
276
-359
121
-192
223
194
15
-419
197
-93
197
232
-165
-71
-128
-80
351
267
-142
-161
21
-55
350
316
-105
-73
-31
7
378
318
-142
-154
86
9
349
430
-29
-135
-19
-39
376
467
-15
-143
55
-5
375
423
-163
-18
-1
-71
346
417
-159
-10
11
-45
348
-13
-153
-49
-17
-21
263
434
-146
-29
-10
-84
345
-7
-142
-15
22
29
262
-44
-141
-53
7
195
299
446
-120
-38
-1
-92
344
-111
-106
-16
-119
-43
278
458
-98
-34
9
-85
343
471
-77
-18
10
-70
342
438
-69
-39
-10
27
404
466
-68
-2
12
-55
338
471
-65
-4
11
-53
339
407
-53
-34
-139
-17
377
-59
-25
-21
-24
171
300
1023
1023
1023
1023
1023
-1
518
-43
-13
-3
-12
430
503
0
-9
-119
10
403
553
12
-8
-78
-27
429
515
13
-104
-33
-53
402
560
23
-72
-25
-74
428
560
26
-8
-8
-38
371
598
39
0
-9
-3
456
605
57
-9
-27
-14
455
612
62
-32
-14
-20
454
561
78
-2
-3
-21
368
582
88
-1
-4
21
445
597
89
-6
-4
23
471
599
94
0
-13
23
472
613
96
-14
-4
14
400
573
106
2
-2
28
418
577
131
2
-3
27
392
541
33
-114
33
-35
401
578
47
-74
22
-48
427
555
14
-12
3
-9
374
558
42
-10
0
-48
370
558
59
-9
0
-37
369
475
-66
-8
10
-57
341
474
-64
-6
11
-49
340
559
13
-5
-1
-25
372
558
96
-5
2
-5
366
556
8
-5
7
-18
373
560
91
-4
-1
-13
367
593
85
-3
8
24
470
575
89
0
4
15
444
556
98
1
3
-3
365
510
-62
2
50
-32
431
1023
1023
1023
1023
1023
-1
617
104
-4
-2
12
399
622
77
-27
2
-2
453
622
101
-13
0
19
426
634
95
-9
2
19
452
644
99
-3
-6
28
481
646
106
-2
0
11
478
648
101
-5
-4
21
479
649
99
-6
-14
29
480
651
136
-6
6
18
492
651
137
-3
4
21
488
655
138
-3
-3
17
489
657
134
-5
-9
19
493
666
138
-6
6
22
466
671
136
-6
-9
20
467
676
132
-2
4
24
440
680
133
-4
-5
21
441
658
137
1
-13
22
490
648
107
2
-8
30
483
655
134
2
-6
22
487
687
126
-2
-4
24
415
644
100
0
-4
27
482
652
129
2
-4
26
486
656
137
0
-3
21
491
617
112
1
-3
13
398
665
125
0
-2
27
463
647
112
2
-1
34
484
662
109
1
0
22
436
625
104
1
0
19
425
648
120
1
2
32
485
660
121
-1
3
21
462
682
122
1
4
22
414
1023
1023
1023
1023
1023
-1
3
-131
63
-86
33
282
51
-160
41
-25
-40
304
132
-174
53
-20
23
285
137
-249
9
-6
23
307
-48
-164
284
-2
-257
143
-25
-171
58
2
-28
327
-9
-138
91
6
-50
303
-84
-126
44
6
-20
259
106
-219
142
20
-55
329
-59
-154
10
26
25
281
43
-85
423
61
-244
169
110
-160
46
65
-62
353
172
-188
108
76
-128
330
-44
-235
6
282
-111
144
97
-177
80
406
-177
170
170
-1
142
478
-173
196
208
-256
59
-20
58
309
110
-253
13
12
51
306
100
-249
57
-1
80
305
180
-241
63
-53
42
308
60
-229
97
-61
46
328
174
-228
10
-11
56
287
176
-225
6
-7
50
288
-112
-180
109
8
76
279
51
-178
91
63
55
284
-92
-165
16
41
63
280
30
-155
68
-45
76
283
-8
-143
29
-26
100
260
-3
-137
30
10
94
261
-26
-85
43
-57
37
302
-60
-9
39
-59
56
301
1023
1023
1023
1023
1023
-1
214
-179
92
-81
-1
354
233
-272
68
52
24
310
267
-161
132
-15
-33
355
271
-251
40
16
-26
331
293
-276
10
16
-30
332
298
-254
51
-7
-20
311
312
-142
144
134
-119
356
315
-269
9
8
-50
333
325
-241
3
6
-37
314
350
-253
47
-16
-32
334
380
-251
48
4
-18
335
409
-246
54
52
-29
336
425
-150
34
38
-92
357
465
-196
51
16
-38
337
465
-163
16
12
-54
358
486
-150
21
15
-55
359
514
-132
34
12
-43
360
301
-107
28
60
-4
379
545
-104
39
14
-27
361
427
-76
14
62
5
405
395
-74
80
-109
42
380
577
-72
42
26
-1
362
436
-57
123
-30
88
381
612
-26
43
23
20
363
472
-23
150
132
40
382
501
-16
52
-92
26
406
531
-9
86
-33
98
407
557
-7
26
-45
-13
432
551
6
110
104
87
408
581
6
53
-23
47
433
596
18
69
62
64
434
1023
1023
1023
1023
1023
-1
-121
79
66
110
353
273
-104
257
220
194
314
247
-68
211
70
97
217
274
-2
342
135
257
80
248
-1
234
385
221
193
221
74
56
475
151
-51
195
116
251
162
429
-58
222
552
100
3
1
-1
364
564
104
7
-6
30
416
566
135
7
-6
25
390
569
105
6
-3
27
417
572
133
8
-3
23
391
572
81
5
-10
27
442
573
87
7
-3
19
443
575
32
42
34
0
383
579
107
3
-6
32
419
595
71
4
-15
27
468
586
92
4
-10
24
446
585
109
10
-9
32
420
589
130
9
-8
30
394
582
131
3
-6
31
393
595
130
10
-6
26
395
601
99
10
-6
20
473
592
112
11
-5
29
421
590
97
10
-3
21
447
603
111
16
-2
23
422
603
126
13
-1
17
396
593
80
5
0
23
469
601
98
16
0
18
448
609
105
15
0
23
474
599
30
6
10
-2
457
1023
1023
1023
1023
1023
-1
614
54
14
-4
9
458
646
61
24
-1
19
386
628
70
19
-4
27
459
652
96
5
-4
22
410
614
100
15
-2
16
449
660
101
11
-2
24
411
622
107
8
-2
18
424
671
108
13
-4
26
412
642
109
9
-1
13
477
613
110
12
-4
21
423
634
110
15
-1
17
476
668
113
4
-3
27
437
674
120
7
-7
28
438
612
121
7
-4
15
397
671
130
4
-12
30
464
670
133
4
-2
26
465
626
99
14
-1
11
450
627
49
20
0
12
385
620
109
12
0
25
475
676
125
7
0
26
439
612
39
14
1
8
384
633
97
5
2
16
451
677
115
10
3
24
413
684
110
6
3
34
389
653
103
13
8
23
461
659
78
22
9
25
387
673
95
12
10
32
388
640
80
24
14
34
460
625
79
34
29
34
409
639
78
28
30
34
435
1023
1023
1023
1023
1023
-1
1023
1023
1023
1023
1023
-1
