-337
126
17
7
16
-322
145
27
9
22
-293
174
48
3
52
-276
175
34
22
49
-255
183
27
30
19
-233
210
23
1
7
-235
207
-6
16
27
-260
201
-35
47
37
-285
222
-66
9
23
-326
232
-67
-15
30
-356
225
-25
-20
24
-366
202
9
-22
-6
-356
175
32
-11
-33
-321
151
60
-5
-26
-283
132
54
7
24
-272
117
17
46
43
-271
121
-27
35
24
-230
157
28
-48
50
-162
194
151
-72
103
-192
202
48
109
123
-214
208
-95
162
11
-229
209
-162
-52
-30
-291
163
-117
-150
-8
-391
114
0
0
-8
-382
98
21
8
7
-370
122
23
12
28
-394
100
20
-4
-3
-390
109
21
11
-8
-372
109
20
17
10
-348
103
27
8
21
-333
116
24
9
36
-332
141
12
34
19
-334
143
-20
32
17
-351
142
-46
12
7
-382
147
-52
-5
-7
-418
126
-53
-9
1
-437
103
-25
-20
-5
-430
83
26
-35
-14
-414
71
54
-9
-6
-382
61
69
33
-4
-348
62
37
40
8
-331
69
-1
34
2
-340
82
-28
28
-7
-318
91
9
-23
0
-264
96
110
-50
4
-298
105
13
84
35
-319
115
-83
133
-21
-329
112
-121
-31
-2
-372
98
-83
-112
0
-453
91
13
21
-34
-427
78
21
6
-14
-420
88
14
15
18
-447
72
23
-11
-21
-449
78
24
22
-24
-432
76
13
33
-18
-390
61
42
-4
-20
-378
72
22
0
19
-378
87
13
51
17
-367
80
-18
21
32
-373
68
-40
-18
20
-404
59
-25
-8
-27
-418
18
-31
-20
-3
-428
-6
-10
-20
15
-421
-14
27
-17
28
-415
3
31
12
54
-396
34
42
40
41
-370
56
29
27
21
-366
72
-3
27
-11
-386
93
-34
42
-28
-364
87
-5
-19
-21
-301
72
113
-69
-18
-344
73
16
77
-2
-363
81
-82
144
-38
-364
73
-118
-30
13
-396
62
-75
-126
22
-478
59
33
25
-27
-448
58
24
11
-14
-441
51
4
19
15
-481
80
35
-23
-21
-484
77
32
31
-11
-471
79
2
50
-15
-415
58
51
-17
-42
-401
48
29
-18
-22
-401
34
22
58
-39
-378
14
-8
24
-4
-369
-11
-38
-32
21
-399
-21
-4
6
-22
-402
-49
-16
-5
-26
-407
-58
-8
-3
-14
-397
-57
22
0
15
-401
-30
5
27
58
-387
6
18
35
44
-343
11
50
-21
4
-349
31
6
7
9
-396
67
-59
92
31
-367
67
-36
-14
62
-298
61
115
-131
38
-369
85
43
69
-22
-392
85
-77
179
-54
-380
64
-138
-27
36
-411
57
-82
-150
55
-498
55
52
17
-22
-466
50
37
21
-36
-453
26
4
29
-22
-511
73
38
-21
-9
-516
71
31
39
6
-497
72
3
46
-1
-436
61
65
-29
-39
-418
45
48
-17
-36
-409
20
33
72
-71
-377
-10
0
35
-52
-358
-32
-34
-32
-23
-388
-39
1
24
-35
-389
-43
-16
21
-38
-394
-35
-15
19
-37
-395
-8
0
15
-16
-401
7
-6
24
0
-348
-19
60
-23
-44
-258
-82
144
-87
-96
-225
-126
81
7
-49
-287
-119
-114
167
113
-269
-104
-137
4
210
-232
-55
52
-211
174
-365
22
28
38
58
-434
67
-73
233
-80
-404
37
-158
-28
12
-436
36
-92
-177
40
-530
37
73
20
-47
-489
29
50
37
-44
-476
25
0
55
-30
-530
34
21
-3
23
-542
42
9
40
35
-527
55
2
27
-1
-466
70
86
-39
-32
-437
52
77
-4
-33
-414
28
49
93
-64
-368
16
9
42
-55
-346
16
-30
-24
-27
-376
20
0
40
-2
-380
51
-20
32
3
-386
67
-20
17
-11
-415
103
-34
24
-8
-404
73
0
-7
-71
-307
-26
141
-105
-166
-163
-142
273
-112
-229
-87
-246
180
92
-177
-120
-303
-161
261
78
-125
-258
-259
28
201
-121
-171
-30
-273
225
-314
-68
-23
0
176
-434
24
-86
269
-26
-414
38
-181
-28
13
-448
45
-109
-206
44
-553
51
92
20
-44
-507
48
65
45
-32
-485
53
7
63
-20
-493
-41
22
0
18
-513
-29
-21
49
53
-506
-15
-24
19
36
-466
32
55
-55
54
-455
56
85
1
15
-427
62
72
92
-23
-382
79
15
51
-21
-364
100
-27
2
-19
-386
93
-19
27
23
-402
123
-34
13
25
-418
132
-20
5
0
-464
153
-60
23
31
-423
98
39
-42
-86
-270
-12
261
-162
-207
-66
-114
414
-90
-266
59
-227
282
222
-248
76
-328
-188
333
-49
42
-267
-375
44
57
4
-181
-129
-302
156
-236
-111
-95
-42
221
-388
-29
-100
245
25
-379
9
-164
-48
-11
-398
-7
-99
-241
43
-492
-25
116
9
4
-436
-44
75
37
30
-411
-41
7
53
32
-397
-137
41
6
-4
-420
-130
-42
64
53
-424
-111
-60
24
70
-418
-53
-10
-64
125
-429
0
53
-20
90
-415
30
84
60
24
-384
60
14
43
12
-389
95
-40
36
11
-410
86
-56
15
39
-443
95
-60
-17
35
-472
106
-11
-14
-13
-533
122
-68
29
38
-442
64
99
-69
-65
-236
15
383
-190
-126
1
0
510
-18
-133
165
-49
345
353
-159
242
-158
-188
339
-131
172
-107
-437
33
-121
88
-63
-213
-287
3
-165
-96
-167
-83
158
-329
-82
-118
173
10
-336
-39
-114
-66
-90
-340
-84
-74
-220
-15
-416
-134
114
36
19
-355
-135
62
42
56
-336
-126
0
49
44
-316
-137
33
29
-47
-336
-148
-50
65
-34
-336
-142
-65
9
0
-350
-112
-35
-51
65
-366
-87
12
-19
94
-361
-57
59
31
54
-348
-21
0
19
42
-367
-1
-42
39
46
-387
-9
-59
0
44
-421
-12
-65
-40
37
-447
-11
-4
-31
7
-511
-28
-69
25
37
-393
-54
132
-96
-30
-184
-5
427
-184
44
-6
116
448
103
143
145
211
298
434
97
263
191
-147
222
-84
173
209
-363
-11
-262
76
170
-189
-203
-229
-108
-2
-195
-101
4
-251
-96
-140
88
-23
-270
-77
-59
-72
-116
-268
-114
-37
-169
-55
-333
-161
93
84
-14
-278
-142
25
59
6
-252
-151
-12
21
-28
-240
-74
28
33
-50
-254
-93
-37
61
-101
-253
-109
-63
7
-98
-274
-116
-52
-36
-40
-295
-121
-18
-14
30
-299
-104
32
15
41
-307
-71
-16
22
29
-336
-63
-54
47
7
-356
-60
-66
-7
-1
-387
-73
-57
-42
1
-413
-77
0
-14
1
-470
-104
-65
40
0
-357
-71
121
-79
-23
-193
20
358
-127
118
-101
194
286
179
266
0
330
172
382
178
124
404
-101
52
-26
29
392
-219
-45
-233
-42
326
-93
-74
-269
-131
124
-139
-67
-96
-221
14
-124
26
-91
-235
-25
-7
-47
-139
-208
-61
2
-116
-81
-235
-118
90
84
-57
-166
-119
42
45
-51
-102
-148
32
-24
-53
-80
-97
43
7
72
-85
-108
-4
44
1
-82
-117
-49
-1
-53
-107
-146
-62
-39
-48
-142
-179
-52
-22
7
-165
-173
-8
-3
49
-192
-152
-32
9
39
-226
-149
-51
28
-7
-242
-142
-48
-24
-35
-257
-166
-33
-52
-21
-274
-191
9
-9
5
-312
-216
-50
33
-1
-228
-150
82
-61
28
-134
-35
230
-75
197
-138
134
96
183
346
-82
255
52
231
222
19
352
-29
-120
59
-45
299
-50
-95
-99
-72
202
27
15
-143
-55
25
-61
-58
-43
-85
-57
-63
-33
-18
-76
-96
55
-48
-3
-30
-107
59
-80
44
-19
-143
95
53
43
52
-142
66
11
17
122
-169
55
-53
13
105
-188
23
-15
100
106
-189
14
4
72
109
-191
-18
-7
33
92
-210
-34
-10
18
69
-224
-51
-19
30
45
-226
-33
-21
62
16
-224
-34
-19
67
-14
-236
-44
-7
24
-33
-242
-35
-27
-3
-43
-263
-20
-48
3
-55
-286
4
-14
36
-85
-309
-36
23
22
-33
-235
42
-43
78
2
-146
108
-47
215
-83
-51
-74
149
300
-67
11
-50
72
156
2
81
21
-244
99
-31
13
84
-103
37
-24
-63
133
119
-11
78
-153
-2
-26
28
86
-195
-21
-44
30
107
-220
65
-39
53
149
-226
67
-45
77
172
-247
73
36
53
230
-243
62
9
0
295
-245
59
-39
-6
261
-259
-4
-8
-13
266
-257
12
-1
2
276
-247
6
0
10
273
-247
-6
18
7
265
-240
-35
5
0
250
-244
-45
-16
4
226
-261
-40
-26
13
206
-272
-26
-24
15
191
-280
-14
-16
16
187
-285
-7
-14
16
182
-286
-2
-5
23
165
-292
-30
7
12
180
-256
3
-20
49
172
-221
4
-19
112
0
-189
-236
149
140
-19
-172
-152
-6
-3
15
-155
43
-294
8
4
-198
179
-85
-25
40
-220
225
219
-79
222
-251
35
27
-6
255
-261
-2
-5
-21
282
-256
44
-13
-17
318
-256
53
-16
0
346
-264
58
39
-9
396
-238
59
29
-40
456
-195
58
-1
-24
410
-159
-3
8
-69
414
-157
0
16
-58
421
-152
-2
14
-57
421
-154
-13
15
-67
412
-166
-32
14
-79
400
-181
-39
0
-82
385
-206
-37
-10
-78
373
-224
-22
-7
-68
363
-237
-14
3
-64
363
-238
-10
8
-57
360
-240
-13
13
-52
347
-243
-35
19
-61
338
-235
-31
6
-59
307
-227
-55
5
-37
122
-209
-281
133
23
99
-185
-160
-39
-49
117
-180
64
-260
-24
122
-191
189
-48
-95
172
-192
231
242
-174
367
-208
40
36
-92
408
-217
17
17
-72
437
-194
37
20
-65
476
-169
44
9
-47
511
-142
51
29
-23
556
-95
57
31
-1
600
-37
49
23
20
532
46
1
8
-24
536
46
-3
5
-22
539
43
-3
3
-29
540
35
-4
2
-39
537
15
-14
4
-57
531
-8
-20
3
-74
529
-30
-19
-8
-71
526
-48
-10
-4
-56
523
-56
-3
8
-40
526
-50
-3
10
-31
526
-45
-10
8
-30
518
-46
-23
10
-34
507
-50
-30
2
-42
474
-66
-62
8
-47
315
-111
-262
88
-29
294
-105
-148
-83
-45
309
-98
79
-250
59
324
-86
190
-40
84
372
-56
225
228
16
541
3
41
32
-10
580
12
20
-1
-3
599
21
30
5
4
622
41
30
7
13
642
64
26
13
25
663
85
20
10
37
677
104
15
5
32
569
136
7
0
14
573
133
1
-2
15
579
130
2
-5
13
584
125
7
-6
13
591
118
8
-4
7
598
111
10
0
0
607
104
5
-3
0
611
96
1
0
2
614
88
-3
-1
3
613
83
-8
-3
2
610
77
-10
-4
-1
602
70
-16
-2
0
594
65
-18
-4
1
572
54
-37
0
4
452
-29
-198
56
-47
433
-43
-125
-80
-71
443
-47
54
-210
54
452
-52
141
-35
152
482
-27
174
185
114
608
75
33
24
35
638
93
14
-7
27
649
96
21
0
29
661
107
15
2
28
670
117
9
6
27
678
124
2
-1
31
684
127
4
-7
26
568
120
9
-2
30
574
120
4
-3
33
581
122
5
-7
37
588
124
11
-8
38
596
128
14
-6
34
607
128
17
-2
29
618
128
12
-2
25
626
125
7
-1
22
632
120
3
-4
20
633
117
-3
-4
22
630
116
-6
-1
21
627
110
-10
-6
19
622
106
-11
-9
16
605
93
-24
-2
4
523
-12
-137
36
-108
508
-45
-97
-58
-135
514
-56
30
-145
-19
520
-69
96
-10
102
543
-41
117
139
97
627
76
22
23
34
651
101
7
-5
26
657
105
12
-3
28
665
113
9
-1
26
668
120
4
5
25
674
125
-2
-2
26
678
127
1
-10
23
565
94
8
-2
23
568
97
2
1
19
575
97
2
-3
23
581
99
7
-8
27
587
104
11
-4
24
597
106
16
0
20
610
107
13
-2
19
621
107
13
-2
16
631
105
10
-1
16
634
107
-1
1
24
633
108
-7
1
26
632
106
-9
-8
22
627
103
-8
-10
13
615
89
-14
-1
-7
587
35
-53
9
-65
582
17
-37
-25
-70
586
12
13
-49
-16
594
11
42
3
40
609
35
47
50
42
641
92
10
13
22
654
109
2
0
23
661
116
7
-7
28
666
121
8
-4
26
663
128
-1
8
26
667
131
-7
-2
22
669
134
-1
-15
26
581
79
7
-4
23
581
85
0
6
19
587
87
-2
-1
22
591
91
1
-11
25
594
97
9
-7
23
602
103
15
0
24
614
107
13
0
26
626
108
14
-2
17
638
106
13
-4
11
642
104
1
0
15
646
98
-4
0
22
648
96
-6
-11
29
644
98
-4
-11
28
641
97
-1
-3
24
642
95
-2
-7
21
642
99
0
-7
23
641
104
0
-2
30
644
111
3
-1
30
649
118
6
-4
24
649
125
0
0
20
650
130
-2
1
20
657
130
2
-10
23
658
131
3
-8
22
653
133
-3
7
17
656
132
-8
-3
16
657
132
-3
-15
27
