22
21
23
18
23
22
29
21
29
23
22
26
29
23
26
22
29
26
23
25
29
26
25
23
29
26
25
23
26
25
29
18
25
18
26
29
18
7
25
26
7
18
6
25
6
7
22
18
6
7
22
21
22
7
29
23
29
23
22
21
29
23
26
21
26
29
25
18
29
23
26
30
30
29
23
22
29
56
26
30
25
29
26
17
25
18
26
16
25
18
16
7
7
15
14
4
7
15
21
14
21
22
7
15
7
21
22
18
15
21
22
29
15
22
29
23
22
29
23
26
22
23
29
26
22
23
29
26
25
26
23
29
18
25
26
17
7
18
25
26
6
7
18
26
4
6
7
18
6
5
7
22
7
6
21
22
15
7
22
29
21
29
22
23
21
29
26
22
26
18
29
25
29
26
23
30
29
23
22
30
29
26
30
56
17
25
26
29
16
18
25
26
18
16
7
25
12
4
14
15
5
14
7
15
7
14
15
21
5
7
21
22
12
15
21
22
13
15
22
29
7
22
29
23
7
22
29
23
15
22
29
26
17
26
29
23
17
7
18
26
6
7
18
26
0
6
7
18
0
4
6
18
1
5
7
22
10
22
6
21
11
15
7
22
21
29
22
23
21
29
22
26
15
18
26
29
21
26
29
23
29
23
22
30
29
22
26
30
17
25
26
29
16
18
26
25
16
7
18
25
12
4
14
15
12
5
14
15
12
14
15
7
5
7
21
22
12
15
21
22
13
15
22
29
7
6
22
23
7
6
22
29
10
15
22
29
11
17
23
29
16
18
17
7
2
18
7
6
2
0
18
7
2
0
18
4
3
22
1
5
10
22
6
21
11
15
22
7
21
22
29
23
21
29
26
22
14
18
15
26
16
21
26
29
22
23
29
30
21
22
29
26
15
17
25
29
16
7
18
26
7
16
6
18
12
4
14
15
12
5
14
15
12
8
14
15
5
7
21
22
13
12
15
21
13
15
22
29
6
5
7
22
7
6
22
29
10
15
22
29
11
17
23
29
16
17
18
7
11
2
18
7
2
11
0
18
2
11
0
18
11
1
3
5
10
21
6
22
7
11
22
15
28
23
22
21
30
26
22
29
25
26
18
14
25
16
26
29
30
22
29
23
21
22
29
20
13
15
17
25
7
16
2
18
0
7
6
16
8
12
4
14
8
12
5
14
8
12
15
14
1
5
7
21
13
8
12
15
13
12
15
22
5
6
7
22
6
5
7
22
10
15
22
29
17
11
20
29
16
17
18
7
11
18
7
2
11
15
0
18
15
11
0
18
14
5
11
1
6
22
21
10
28
22
7
11
31
28
21
22
30
49
26
22
32
25
26
18
25
16
26
29
30
32
23
22
19
20
22
21
9
13
17
15
7
2
16
0
0
4
7
16
8
12
4
14
13
8
12
5
8
13
12
14
1
5
7
21
8
13
12
15
8
13
12
15
1
5
6
7
5
6
7
22
13
10
15
22
15
17
11
29
7
17
16
18
15
7
11
18
14
18
15
11
6
15
18
11
12
14
5
11
6
22
21
10
28
22
29
7
48
31
28
22
49
30
26
22
32
25
26
18
32
25
26
16
32
30
23
22
25
19
20
22
9
17
13
15
2
16
7
3
2
0
16
4
8
1
12
4
8
12
5
13
10
8
14
12
1
3
5
7
9
8
15
12
8
12
15
13
0
1
6
5
1
5
22
6
15
10
13
22
15
11
17
29
15
17
7
18
14
15
7
11
4
14
15
11
4
6
15
11
12
5
14
11
5
6
10
21
22
28
30
29
31
48
28
22
49
30
26
22
37
32
25
26
37
32
25
26
36
32
30
23
25
19
20
22
17
19
9
15
19
16
3
2
18
2
16
0
8
1
12
4
20
8
12
5
22
10
8
14
23
3
1
7
19
8
9
15
19
8
15
12
0
16
1
6
20
22
1
6
22
10
20
15
11
22
17
15
18
17
15
7
3
11
14
15
0
4
11
14
0
4
6
11
8
5
11
12
6
5
21
3
22
30
28
29
56
31
28
22
56
49
30
26
37
25
32
26
37
25
32
26
36
32
30
23
36
25
19
22
19
24
17
15
24
19
16
3
18
26
2
16
22
8
1
12
28
20
8
12
26
22
10
8
30
23
3
1
26
19
15
8
24
19
15
8
24
16
0
1
26
20
22
1
28
22
20
10
26
22
11
17
19
18
17
15
3
16
11
14
3
0
11
4
0
1
11
4
8
11
12
5
20
6
3
5
30
28
22
29
56
31
28
22
56
30
49
26
36
37
25
26
36
37
25
26
36
23
30
32
36
24
25
22
24
19
17
15
24
26
16
19
26
30
18
16
30
22
1
8
31
28
20
8
48
26
22
10
51
30
23
3
38
26
19
15
38
24
19
15
38
24
16
0
26
25
20
22
27
28
20
22
27
26
22
11
19
18
17
25
26
3
16
11
26
3
11
0
28
11
0
1
11
19
8
12
30
20
3
6
31
30
28
22
56
31
28
22
56
30
26
49
36
25
26
39
36
25
26
37
36
30
23
56
36
24
39
25
24
39
19
17
48
24
26
19
51
30
26
18
51
30
22
1
49
31
28
20
48
26
22
10
50
51
30
23
50
38
26
19
35
38
24
19
33
38
24
16
32
26
25
20
32
27
28
20
32
27
26
22
32
25
19
18
32
26
3
11
34
26
3
11
50
28
11
0
32
19
11
8
50
30
20
3
51
31
30
28
56
31
28
22
39
49
30
26
39
36
26
25
51
36
26
37
30
49
23
36
38
36
39
24
35
39
24
19
50
48
26
24
50
51
30
26
50
51
30
22
52
49
31
28
52
48
26
22
34
50
51
30
52
50
38
26
52
35
38
24
34
33
38
24
33
32
26
25
33
32
27
28
33
32
27
26
34
32
25
19
34
32
26
11
34
26
11
3
50
34
28
11
33
32
19
11
50
30
20
3
50
51
30
31
32
28
31
56
32
49
26
30
48
36
26
39
48
51
36
26
49
30
23
36
52
36
38
39
34
35
39
24
52
50
48
26
53
50
51
30
53
50
51
30
53
52
49
31
53
52
48
26
38
34
50
51
38
52
50
26
38
35
52
24
38
34
33
24
38
33
32
26
33
32
27
28
33
32
27
26
34
35
32
25
34
32
26
11
34
26
3
11
34
50
28
11
33
32
19
11
33
50
30
20
33
50
51
31
33
32
31
28
32
33
49
26
48
36
39
26
48
51
36
26
49
30
36
23
53
52
38
39
35
53
34
39
53
52
50
48
53
50
51
30
54
53
50
51
54
53
52
49
54
53
52
48
43
38
34
50
43
38
52
50
43
38
35
52
43
38
34
33
42
38
33
32
42
33
32
27
40
33
32
27
40
35
34
32
43
34
32
26
43
34
26
3
42
34
50
28
42
33
32
19
42
33
50
30
42
33
50
51
37
33
32
31
37
33
32
49
54
39
48
36
54
48
51
36
54
49
36
30
55
39
53
38
55
39
53
35
59
53
52
50
63
53
50
51
63
54
53
50
63
54
53
52
63
54
53
52
57
43
38
34
43
38
52
50
59
43
38
35
58
43
38
34
59
42
38
33
59
42
33
32
59
40
33
32
43
40
35
34
44
43
34
32
44
43
34
26
41
42
34
50
42
33
32
19
41
42
33
50
42
33
50
51
37
33
32
31
37
33
49
32
54
39
48
36
54
48
51
36
54
49
36
30
59
55
39
53
60
55
39
53
62
59
53
52
63
62
53
50
63
54
53
50
62
63
54
53
61
63
54
53
57
43
38
34
57
43
38
52
58
59
43
38
58
43
38
34
58
59
42
38
59
42
33
32
61
59
40
33
62
43
40
35
61
44
43
34
44
43
34
26
44
41
42
34
44
42
33
32
44
41
42
33
42
33
50
51
42
37
33
32
40
37
33
49
39
54
48
36
54
48
36
51
54
49
36
30
63
59
55
39
60
55
39
53
60
62
59
53
62
63
53
50
63
54
53
50
47
62
63
54
61
46
63
54
57
43
38
34
43
57
38
52
57
43
58
59
58
43
38
34
59
58
42
38
59
42
33
32
61
59
60
40
60
62
43
40
61
62
44
43
47
44
43
34
44
41
42
34
44
42
33
32
44
41
42
33
44
42
33
50
42
37
33
32
40
37
33
49
55
54
39
48
55
54
48
36
63
54
49
36
63
59
55
39
60
62
55
39
61
60
62
59
61
62
63
53
47
63
54
53
45
47
62
63
61
46
63
54
