22
23
29
29
29
30
26
26
25
19
16
21
21
23
29
29
26
30
31
30
25
24
25
7
7
21
7
15
15
22
22
22
19
17
7
6
4
5
6
15
22
22
18
23
29
29
19
19
7
12
5
14
5
12
13
7
7
15
17
7
6
0
0
1
10
11
21
21
15
21
29
22
17
16
7
12
12
12
5
12
13
6
6
10
11
16
2
2
2
3
10
11
22
20
14
16
29
21
15
7
6
12
12
8
5
13
13
5
6
10
11
16
11
11
11
11
10
22
28
30
25
25
30
20
13
2
0
8
8
8
1
8
12
5
5
10
20
18
11
15
15
14
6
28
31
49
32
25
32
19
9
0
4
12
13
13
1
8
8
1
5
13
15
17
15
14
6
12
6
29
48
49
32
32
32
25
11
3
2
1
8
10
3
9
8
0
1
10
15
15
14
4
4
12
5
30
48
49
37
37
36
25
19
19
18
8
20
22
23
19
19
16
20
20
22
17
3
0
0
8
3
30
56
56
37
37
36
36
24
24
26
22
28
26
30
26
24
24
26
28
26
19
16
3
1
8
20
30
56
56
36
36
36
24
24
26
30
30
31
48
51
38
38
38
25
27
27
25
26
26
28
19
30
31
31
56
39
39
56
39
39
48
51
51
49
48
50
50
35
33
32
32
32
32
32
34
50
32
50
51
36
39
56
51
49
38
35
50
50
50
52
52
34
52
52
34
33
33
33
34
34
34
34
33
50
50
32
32
48
48
49
52
34
52
53
53
53
53
38
38
38
38
38
33
33
35
34
34
34
33
33
33
33
33
48
48
49
53
53
53
53
54
54
54
43
43
43
43
42
42
40
40
43
43
42
42
42
42
37
37
54
54
54
55
55
59
63
63
63
63
57
43
59
58
59
59
59
43
44
44
41
42
41
42
37
37
54
54
54
59
60
62
62
63
62
61
57
57
58
58
58
59
61
62
61
44
44
44
44
42
42
40
54
54
54
63
60
60
62
63
47
46
57
57
57
58
59
59
60
60
62
47
44
44
44
44
42
40
55
55
63
63
62
61
61
47
45
46
59
43
43
41
58
59
62
61
60
47
44
44
44
47
46
46
47
62
61
47
47
61
61
45
45
45
