-116
-2
16
0
-28
124
-115
-4
-9
-13
-10
173
-121
-7
5
0
-8
150
-120
-9
-2
-25
-6
123
-116
-15
-8
-13
0
174
-113
-16
-8
2
0
227
-122
-8
4
-10
1
149
-115
-13
1
-5
4
228
-124
-8
-13
-8
5
148
-118
-5
-10
-10
5
94
-135
-19
-6
-11
7
97
-117
-17
13
0
8
119
-108
-17
-2
-18
14
144
-111
-20
-19
-1
16
68
-118
-11
1
1
19
118
-109
-19
17
0
30
43
-108
-3
10
-5
3
199
-107
-13
-7
-21
-12
253
-106
-12
15
-6
-4
18
-104
-4
-19
-10
4
246
-102
-10
0
-8
7
196
-102
-17
-22
-2
-7
143
-102
-9
-24
-11
8
169
-100
-11
7
-14
30
17
-99
-18
14
-2
-15
171
-98
-10
-4
-4
-16
252
-97
-10
-3
-29
4
170
-97
-7
14
1
-3
225
-95
-4
-5
-24
12
250
-92
-22
-8
-10
12
38
-89
-2
4
-4
-3
251
1023
1023
1023
1023
1023
-1
-109
17
7
0
-24
204
-118
0
13
2
-12
146
-113
20
12
-8
-12
47
-126
-1
-19
-9
-7
147
-122
5
4
-10
-1
120
-133
0
18
-2
0
98
-117
18
1
-18
0
178
-109
14
15
1
0
229
-122
5
-6
-12
6
151
-121
-1
-9
-3
6
122
-113
16
0
-11
7
152
-115
1
8
-17
8
203
-133
11
-4
-18
20
46
-125
-1
-7
-22
21
177
-142
9
4
-24
29
72
-104
3
-8
-11
29
195
-103
-1
6
2
2
298
-103
0
6
-30
-9
254
-102
-2
-6
-11
16
224
-102
0
-11
-12
-2
272
-101
6
-4
-6
22
301
-100
9
3
-1
23
221
-99
28
-6
2
-30
179
-97
1
2
-2
-14
273
-96
10
4
-4
0
247
-95
33
-16
0
-19
205
-93
24
19
-2
-23
255
-92
3
-5
-1
-8
274
-90
3
-14
-17
9
275
-89
46
-30
-18
11
75
-89
22
-34
-16
-26
180
1023
1023
1023
1023
1023
-1
-133
-23
-10
16
-9
45
-105
-22
-7
19
-1
117
-120
-19
2
27
-15
19
-119
-19
24
30
-4
70
-106
-18
7
4
-9
93
-122
-17
12
19
-4
96
-123
-14
0
16
0
95
-108
-12
-1
5
-7
197
-113
-8
19
11
-2
44
-123
-7
0
26
-15
125
-107
-4
-2
7
-2
226
-126
-3
-17
4
-5
121
-111
0
9
10
-9
172
-130
11
8
38
-8
99
-126
25
11
9
-8
73
-112
26
-20
15
-21
74
-100
-10
-10
15
-7
67
-99
26
-10
14
-37
48
-98
23
-14
31
-10
22
-98
-5
2
18
-2
222
-98
-23
0
21
-2
91
-98
29
-6
10
-18
230
-97
0
-6
23
-14
168
-92
36
-2
8
-19
153
-91
-6
18
7
-16
193
-91
-10
-16
4
-2
249
-90
12
-5
29
-4
328
-90
-4
-2
21
-10
15
-90
-16
6
16
-1
116
-90
-18
21
17
0
65
-89
0
-11
15
0
303
1023
1023
1023
1023
1023
-1
-143
-25
-13
5
7
71
-116
-23
15
13
15
69
-113
-23
-27
14
35
42
-116
-22
-4
6
14
202
-110
-17
21
5
3
145
-121
-16
0
14
12
176
-107
-9
-12
6
5
220
-114
-6
-6
17
11
201
-112
-6
-18
20
5
194
-117
-3
7
7
12
175
-112
-2
0
4
10
198
-114
-1
-5
4
3
200
-123
1
1
11
10
20
-115
7
0
10
18
126
-119
19
-17
26
13
100
-107
23
16
14
2
21
-107
0
8
8
13
92
-105
0
1
18
3
299
-104
-1
-7
5
18
300
-103
-6
-13
12
0
223
-102
-3
-14
25
0
41
-102
28
7
22
18
127
-101
-6
5
11
21
326
-101
-13
-7
11
10
325
-100
11
13
22
4
66
-100
-17
-17
17
14
16
-99
11
10
15
9
327
-96
43
-11
7
30
101
-95
4
17
23
0
40
-92
0
6
6
1
324
-92
5
-27
46
12
128
1023
1023
1023
1023
1023
-1
-87
-2
-8
-36
2
279
-77
3
-24
-22
-13
381
-80
29
-29
-19
0
206
-86
-8
-9
-14
-10
278
-85
3
-14
-11
13
304
-86
35
-38
-4
-8
49
-84
-2
-7
0
-11
277
-82
9
-18
5
-2
355
-87
-7
-15
6
17
12
-83
40
-20
6
-19
256
-79
42
-28
6
1
231
-81
9
-33
8
-33
154
-78
2
-12
14
-14
11
-85
21
-38
16
7
23
-89
9
-21
20
10
329
-80
0
-30
31
13
102
-76
6
-5
-25
8
305
-76
-8
-18
-19
-20
351
-76
-7
-15
-3
-7
37
-75
6
-12
0
22
330
-74
15
-6
-19
-7
350
-73
-8
-9
-14
12
63
-72
10
-7
6
11
356
-68
-15
-7
-34
-20
378
-67
-34
-5
29
11
114
-67
12
-20
-16
-13
407
-66
2
-15
5
2
24
-66
7
-9
18
-3
433
-66
0
-22
5
-5
76
-66
7
-25
7
16
434
-65
23
-14
-7
-5
307
1023
1023
1023
1023
1023
-1
-89
-1
-2
22
-23
248
-89
-4
8
27
-20
142
-87
7
13
-11
-11
167
-81
-31
19
16
-10
297
-85
7
2
-36
-9
280
-82
-4
18
0
-2
141
-87
3
-4
-15
-1
276
-89
9
-1
13
0
302
-85
-1
2
-1
0
14
-77
-23
16
-25
2
166
-88
-13
-1
-2
5
90
-86
-13
26
8
8
39
-83
-20
0
-22
9
64
-78
-11
10
-2
9
13
-83
-7
18
11
29
115
-80
1
8
-1
45
89
-77
22
1
-18
-34
281
-77
-21
29
8
-22
219
-76
7
13
-12
-22
353
-76
-14
3
-15
-25
352
-75
0
2
2
-29
354
-74
-13
31
15
-9
245
-74
-23
15
16
-12
323
-73
-21
27
7
-9
271
-71
-5
3
-2
-10
349
-71
8
1
-8
-11
306
-70
0
15
-31
-15
379
-70
9
-3
-6
-5
382
-69
10
4
-22
-22
380
-68
-29
0
-9
4
140
-67
-26
45
-19
-1
192
1023
1023
1023
1023
1023
-1
-55
-42
10
41
5
88
-63
-12
-15
-20
19
404
-63
-8
-19
-32
-25
377
-63
-7
13
-28
18
405
-59
-2
-20
-8
-4
403
-55
1
24
17
4
432
-61
5
-17
0
-12
50
-59
6
-13
13
9
333
-63
7
4
0
4
331
-58
9
-12
-32
-12
376
-60
10
-5
18
-7
332
-61
13
-18
-12
-8
408
-61
16
12
-24
2
406
-56
25
-30
-3
5
232
-64
29
-14
-12
-27
282
-59
43
-33
-4
-4
257
-54
19
6
14
-7
357
-53
-12
15
9
31
431
-53
17
-11
-14
-4
308
-53
-1
-3
-22
-11
375
-52
15
-7
17
-8
459
-52
7
-24
1
9
460
-51
-38
33
19
15
296
-51
10
0
-13
-10
402
-51
-19
33
5
-36
10
-51
14
1
-1
22
435
-50
26
4
5
-11
383
-50
-14
24
-13
-10
348
-50
-30
17
35
-21
62
-49
-28
30
3
-5
322
-49
19
-18
19
-6
358
1023
1023
1023
1023
1023
-1
-41
-1
-20
18
10
429
-45
-23
-7
7
24
430
-34
6
-7
-7
7
412
-37
4
-5
-13
-21
410
-35
3
-4
7
15
360
-33
-12
8
-23
-8
483
-40
-13
9
6
11
457
-42
-4
14
-26
-12
401
-34
-15
18
-22
-16
374
-37
-50
20
-9
12
191
-42
-48
27
12
-2
165
-40
0
27
21
-13
458
-46
-20
31
4
-29
36
-44
-36
38
0
21
270
-47
-33
46
-19
-9
218
-45
-37
48
-5
10
244
-48
15
-1
2
19
334
-48
24
-20
-16
-17
283
-44
18
-2
-14
-2
409
-43
6
-20
11
9
359
-43
16
-11
5
-17
485
-42
16
-17
0
-14
384
-41
6
-19
-10
-5
411
-40
16
-27
-5
3
385
-38
18
0
6
16
461
-38
22
0
0
3
436
-37
11
-24
-11
-7
486
-36
13
-22
-1
-1
437
-35
32
-10
-17
2
309
-33
15
4
9
-2
428
1023
1023
1023
1023
1023
-1
1023
1023
1023
1023
1023
-1
-1
-41
-35
-3
-4
242
0
-42
-24
7
5
268
2
-44
-22
1
-18
216
2
-42
-8
13
9
294
8
-57
-4
-21
15
34
-7
-53
-2
13
-6
190
4
-42
0
-20
29
60
1
-63
3
-4
14
8
-27
-47
4
-23
33
243
-25
-45
10
-21
15
217
-21
-43
10
-18
-1
321
-8
-45
23
11
14
164
-20
-44
26
-31
-13
347
-27
-43
30
17
-11
139
6
-40
32
3
13
138
5
-40
36
-7
21
112
-30
-39
5
5
33
295
-28
-39
3
-7
43
269
0
-37
30
-34
-6
373
-14
-34
42
16
2
87
-18
-29
24
-23
-12
400
-24
-29
40
27
-4
113
-20
-28
49
-16
9
9
-13
-26
48
-27
9
35
-28
-22
-9
1
4
456
-15
-18
41
-5
14
61
-24
-14
-8
-22
-12
482
-2
-13
26
5
-19
453
-16
-11
28
-16
-15
427
-15
-8
-12
-23
-22
481
-22
-3
-19
6
-5
455
1023
1023
1023
1023
1023
-1
12
-46
10
-12
23
86
15
-41
4
-9
-11
320
15
-29
34
-28
-6
426
18
-50
17
-26
-6
346
20
-28
-21
-10
27
137
21
-37
-18
2
21
111
22
-47
31
-16
-10
399
28
-30
-24
17
14
85
42
-49
23
-36
2
372
54
-56
23
-13
-16
425
56
-28
23
11
-14
319
57
-31
29
-31
1
478
58
-40
7
-16
-7
345
61
-47
12
-18
18
451
65
-44
19
-28
4
398
76
-30
-1
-12
2
265
31
-25
-34
-15
-1
33
23
-26
-32
4
5
7
16
-23
-24
4
16
59
9
-25
-20
-15
35
163
17
-12
-14
-6
9
189
35
-3
0
-19
-24
215
68
-24
4
-12
-16
239
58
-10
13
13
26
292
64
-14
14
10
-25
213
49
-3
23
-10
18
266
29
-24
25
-11
-33
479
46
-20
27
31
5
293
53
-4
29
36
-11
187
30
-20
37
-29
16
452
75
-17
52
4
-9
56
1023
1023
1023
1023
1023
-1
111
-34
18
-19
-34
238
123
-30
16
-9
-15
264
79
-41
-3
-33
-8
371
100
-46
-5
0
-5
450
90
-40
-3
-17
-2
424
86
-28
47
18
-1
186
92
-30
0
3
4
291
102
-36
-7
-34
7
397
104
-50
29
-2
13
55
92
-38
0
-24
13
477
99
-36
27
-20
20
81
114
-35
15
-18
25
185
117
-37
14
12
33
29
114
-44
17
-24
38
159
102
-32
22
-27
40
107
105
-37
15
-18
47
133
106
-16
-19
-32
-15
370
87
-19
-16
-31
-14
344
126
-17
7
-31
20
211
128
-12
-15
-19
0
396
123
-11
1
-15
-21
343
118
-10
-22
-13
20
423
84
-10
59
-12
-6
108
112
-20
-4
-9
-6
317
100
-24
30
-5
-19
212
77
-19
0
-4
-1
318
79
-10
56
-4
-8
82
86
-17
65
2
0
134
94
-19
42
14
-6
30
86
-24
66
15
-2
160
104
-28
46
25
20
4
1023
1023
1023
1023
1023
-1
128
-46
5
12
45
3
129
-33
-13
-10
-20
476
132
-20
16
9
0
290
135
-56
-17
-3
-11
80
138
-58
-28
9
2
106
144
-62
-35
26
-1
132
145
-43
-32
-3
3
184
147
-55
-7
-3
-8
54
148
-33
-24
0
1
210
149
-54
-40
3
-4
158
152
-33
-8
27
26
28
154
-23
-25
1
5
236
171
-20
-26
-3
-12
262
172
-24
-22
-4
-4
288
198
-24
-10
-4
-22
53
199
-22
-6
40
-8
27
169
-2
-3
-9
-33
474
139
-2
0
-15
-23
369
205
-15
-10
2
-13
366
154
-14
16
-7
-13
342
200
-13
-14
5
-12
340
196
-4
3
2
-3
419
134
-10
-10
3
-2
449
182
-6
-6
-5
-2
79
148
-19
13
15
0
316
186
-12
-20
-6
0
314
205
-16
-4
62
1
1
170
-3
-7
-9
7
341
151
-13
13
-22
9
263
136
-6
6
-31
14
237
163
-18
-11
34
45
2
1023
1023
1023
1023
1023
-1
-31
26
-34
-11
0
258
-28
28
-20
-15
0
284
-19
26
-17
6
-2
414
-17
19
-20
0
-10
463
-15
40
-15
-10
1
310
-10
20
-23
-8
-1
464
-7
20
-20
0
-24
489
5
29
-25
-17
-5
490
14
0
-42
5
14
162
19
5
-51
6
0
136
20
8
-25
-2
9
188
22
4
-45
19
-6
110
22
15
-23
20
4
58
29
24
-36
26
6
84
32
15
-21
-9
-23
492
46
13
-24
13
-13
32
-32
30
-4
2
20
335
-28
3
-13
-5
0
386
-26
16
-12
-5
3
438
-25
16
-8
-10
-7
487
-22
25
-3
12
2
462
-18
22
-1
12
-4
454
-16
39
-7
16
1
336
-15
22
-6
20
-21
388
-8
23
-5
-4
-1
439
-6
7
-13
-8
-10
440
11
27
-10
-20
-4
465
16
8
-11
-15
-31
466
24
32
-9
-22
-6
491
37
7
-10
-27
0
214
48
7
-13
33
-6
6
1023
1023
1023
1023
1023
-1
152
14
-6
-16
-16
475
155
4
-5
-1
-6
395
157
1
-4
3
-10
448
184
12
0
11
-8
183
185
11
-4
-14
-10
473
187
4
-8
13
-4
235
191
9
-2
16
-21
157
203
4
-12
-1
-35
261
204
-1
-10
13
-2
392
208
9
-3
-8
-22
287
217
0
-6
10
-16
471
224
16
-19
3
-6
443
239
16
-3
24
-22
416
240
14
-14
-26
-14
469
250
12
-1
3
-40
442
254
21
-16
-12
-20
468
176
0
-7
-26
6
367
230
23
-4
-19
-2
470
186
10
-3
-19
4
393
198
18
-11
-12
0
472
216
17
-11
-4
8
444
171
8
-1
2
1
447
242
12
-13
2
11
364
230
16
-11
5
18
390
214
7
-12
6
9
418
186
12
-3
11
5
446
140
5
-12
11
21
422
186
3
-1
16
3
105
182
9
-5
18
3
209
221
24
-22
19
2
417
218
20
-4
21
5
391
1023
1023
1023
1023
1023
-1
-33
11
19
-5
-21
484
-16
30
0
32
-16
362
-15
14
16
0
-19
387
-9
21
2
2
-22
488
-1
11
0
-23
-12
480
38
0
9
-10
-28
241
39
16
8
14
-17
57
47
137
16
9
-10
311
49
21
5
16
-21
83
52
7
27
35
-20
161
57
18
13
10
-37
109
58
15
19
19
-34
135
60
15
10
22
-23
31
61
125
26
0
-10
467
230
19
17
-11
-16
260
231
12
12
-2
-10
52
44
5
15
-28
0
240
-16
143
20
-27
-5
181
-17
131
18
-19
-10
155
161
4
8
-18
-8
368
230
10
18
-6
-7
286
171
7
0
-3
-2
394
43
136
31
-3
0
441
208
20
6
0
-1
156
215
13
1
1
0
313
203
12
12
2
-4
182
-23
22
9
5
-4
413
39
0
19
10
-3
267
205
5
1
13
-3
445
192
9
0
26
-6
131
65
3
23
39
-4
5
1023
1023
1023
1023
1023
-1
-29
141
9
0
35
129
-22
118
15
0
41
103
-22
19
11
12
2
361
-16
98
24
6
20
77
-10
106
32
6
3
25
-8
105
23
5
15
51
-2
148
23
-11
16
207
17
133
22
-8
10
233
36
131
15
-18
4
259
36
136
21
-5
3
285
41
139
10
0
11
389
41
146
1
24
12
363
42
147
14
-14
10
415
44
144
2
24
2
337
79
123
9
-14
6
493
151
2
13
-8
29
289
173
-1
6
18
0
420
163
3
3
6
27
315
211
8
12
13
23
104
213
8
16
16
0
130
229
8
3
15
1
365
230
9
9
10
5
339
207
10
8
6
7
208
160
11
4
14
10
421
251
11
3
6
16
338
228
14
21
21
2
26
208
15
5
0
28
78
214
15
12
-1
8
234
230
20
13
15
15
312
231
20
22
30
21
0
1023
1023
1023
1023
1023
-1
1023
1023
1023
1023
1023
-1
