231
-14
-4
63
3
189
-19
-10
36
43
152
-45
5
13
45
126
-27
45
22
22
86
3
24
38
-4
68
10
-12
33
-8
43
-22
-33
3
5
19
-65
0
-4
13
-3
-28
49
-17
13
-36
-23
34
2
-36
-66
0
-9
9
-16
-79
-9
-16
3
14
-70
-12
12
-3
6
-81
-3
2
-5
0
-86
-6
-2
17
-10
-99
-20
-16
16
14
-101
-16
8
-14
31
-110
-16
16
-7
-3
-126
-24
4
25
-15
-131
-1
3
10
10
-118
19
17
15
1
-109
22
-12
30
-8
-101
11
-41
14
7
-72
26
-3
0
8
-71
-24
-14
22
-19
-27
111
37
-4
23
224
-16
-6
41
-6
179
-33
-7
30
23
141
-36
12
12
34
117
-17
41
12
-4
84
15
12
23
-25
66
14
-24
14
-14
52
-22
-34
-16
-2
27
-60
-6
-20
14
4
-27
48
-27
13
-31
-23
32
3
-28
-64
-9
-12
-3
-8
-83
-22
-9
-11
13
-78
-14
26
7
8
-91
2
17
23
2
-99
-5
-12
24
2
-111
-26
-25
13
35
-111
-23
18
1
31
-117
-11
21
9
0
-139
-26
-7
16
-10
-141
8
-3
-17
19
-123
17
11
-9
-10
-111
23
-7
14
-35
-102
26
-38
-4
-9
-67
28
-5
-3
-9
-67
-23
-26
22
-6
-19
111
34
-8
42
222
-19
-10
-4
-21
173
-55
-8
-1
-9
127
-49
27
-2
15
98
-17
53
4
-8
62
17
9
15
-17
42
16
-24
22
4
36
-19
-23
5
18
23
-45
-2
-17
28
2
-17
42
-6
18
-35
-33
18
37
-21
-60
-10
-6
-8
11
-74
-21
0
-22
12
-81
-21
23
18
1
-95
8
13
25
7
-97
-11
-8
17
-3
-111
-23
-18
0
16
-117
-27
14
13
15
-123
-22
26
30
-3
-149
-29
-10
5
5
-150
6
6
-23
29
-137
22
10
7
-7
-123
23
-18
16
-21
-104
38
-30
-18
11
-72
22
-8
4
-1
-74
-28
-29
17
1
-28
104
40
-9
43
206
-2
-6
-6
0
160
-53
-18
-1
-12
121
-37
24
-18
20
102
-9
57
-3
-7
71
22
7
16
-20
48
23
-36
29
6
47
-25
-23
20
18
29
-50
8
-9
24
1
-32
44
14
4
-41
-43
11
44
3
-68
-3
8
2
45
-80
-13
0
-2
10
-90
-26
1
23
-2
-104
-3
8
11
13
-103
-18
9
5
-7
-117
-9
-8
-9
3
-125
-16
0
15
0
-126
-21
13
18
-3
-141
-24
-3
-10
6
-141
0
20
-3
1
-140
8
9
36
-8
-130
18
-17
26
13
-111
34
-12
7
29
-85
21
-15
30
16
-82
-15
-37
10
21
-34
96
41
-7
26
210
7
0
16
4
162
-57
-29
12
0
124
-31
19
-25
41
106
-9
59
-11
-4
79
20
16
12
-37
42
4
-47
20
-8
39
-36
-18
5
21
21
-44
35
-5
22
-9
-29
44
28
-3
-55
-34
-5
31
11
-73
-9
15
13
30
-82
-17
7
16
0
-98
-25
-5
21
-3
-115
-15
1
1
16
-116
-18
15
0
9
-122
1
6
-8
-2
-129
-7
-17
5
-5
-126
-5
-8
-4
9
-127
-14
0
-25
-4
-125
-4
18
0
-26
-133
-9
0
27
-18
-126
5
0
9
17
-117
20
6
21
18
-98
25
-15
44
16
-91
8
-39
9
17
-31
107
25
-4
6
216
13
3
26
-6
166
-59
-36
29
-2
126
-37
11
-17
46
107
-17
64
2
3
78
15
24
22
-34
37
5
-52
8
0
36
-27
-22
-9
28
20
-42
31
4
14
-13
-44
34
20
-10
-57
-30
1
-8
4
-74
-7
17
-1
-2
-83
-6
9
26
-20
-97
-20
-19
-1
-8
-106
-21
-2
-20
13
-110
-18
23
3
4
-120
-3
14
4
-11
-129
-4
-18
-8
-5
-129
-9
-12
-9
7
-128
-13
5
-10
1
-130
-10
8
0
-8
-132
3
-4
-11
4
-124
14
1
-13
7
-107
27
-4
7
-18
-87
29
-23
4
-26
-76
1
-28
-5
-28
-20
109
16
-11
-4
214
13
0
17
-21
171
-51
-41
6
-7
134
-44
13
-23
39
106
-25
65
12
0
71
6
31
37
-21
30
0
-41
9
13
24
-23
-22
-15
36
4
-47
22
11
15
-29
-48
29
13
0
-67
-24
18
-24
1
-78
6
13
-12
-13
-90
-3
-6
23
-14
-97
-12
-22
-10
9
-95
-14
-1
-30
5
-99
-19
16
-3
-15
-113
-3
9
12
-9
-118
-7
-9
-12
-9
-122
-19
-6
-14
0
-125
-7
9
7
11
-130
-18
2
14
11
-136
-3
-6
-21
21
-128
18
3
-20
1
-113
19
-8
3
-32
-95
42
-23
-20
-21
-77
8
-27
-15
-26
-19
105
14
-16
10
206
16
2
12
-9
166
-40
-34
0
0
133
-35
11
-18
27
106
-29
48
15
0
72
-5
32
38
-12
35
7
-24
1
8
31
-10
-14
-6
11
5
-54
-2
13
-7
-25
-50
20
-8
12
-57
-27
45
-19
0
-80
-7
20
5
-19
-106
-10
-19
20
5
-100
1
-6
-11
31
-100
-13
3
-8
9
-108
-14
0
6
-7
-115
-5
0
5
10
-112
-7
11
-6
4
-120
-5
-2
4
3
-122
-8
-4
17
11
-126
-24
-3
8
14
-126
-2
7
-18
10
-120
18
10
0
-21
-110
22
-18
1
-23
-86
51
-18
-23
6
-65
10
-26
0
-4
-13
99
16
-4
28
203
15
-4
20
3
169
-32
-27
2
0
145
-17
4
-31
22
120
-24
31
-8
-16
82
-15
16
11
-28
51
7
-11
-26
-1
49
-1
0
-21
-22
16
-44
-22
0
-20
-13
-45
8
-21
14
-36
-34
46
-19
-8
-67
-23
31
8
-23
-100
-14
-12
6
4
-97
5
5
-2
26
-97
-8
6
19
-1
-105
-10
-11
15
0
-108
-5
-7
-9
17
-104
-12
16
1
0
-114
-6
0
8
0
-123
-16
-7
5
2
-126
-17
0
-2
5
-121
11
15
0
2
-110
28
-1
11
-17
-95
32
-30
8
0
-63
48
-19
-4
13
-44
-2
-29
4
-8
3
101
23
-6
18
208
10
-7
14
-5
175
-22
-29
4
1
155
-6
2
-33
17
131
-33
21
-20
-32
86
-26
6
-11
-20
57
4
12
-28
0
51
1
12
-11
-26
12
-41
-34
-2
-7
-16
-47
2
-23
33
-35
-38
47
-5
12
-63
-15
34
16
-7
-98
-8
-20
-10
5
-93
7
5
-5
1
-87
-2
0
22
-24
-92
-14
-15
6
-6
-100
-8
-5
-25
13
-95
-6
7
-4
-1
-106
-12
-1
-4
-16
-116
-15
-6
-19
-13
-115
-5
5
-28
-10
-105
21
21
-3
-20
-95
37
-15
8
-20
-76
34
-36
-2
-4
-40
48
-23
-13
6
-27
-8
-37
-4
-14
16
97
19
-26
1
225
9
-11
-1
-37
193
-18
-29
-2
-15
170
-12
9
-24
11
144
-30
19
-10
-15
96
-29
0
-12
0
65
-5
20
-13
17
54
1
21
8
-2
14
-42
-23
8
3
-15
-40
2
-6
42
-34
-37
37
0
24
-63
-24
29
9
-7
-97
-3
-11
-11
-1
-95
-1
3
-2
-13
-91
1
-2
0
-9
-93
0
-13
-16
7
-94
-1
-5
-17
1
-92
-6
-4
0
-9
-95
-11
-6
-14
-12
-99
-4
-8
-34
0
-98
3
0
-36
-8
-90
20
3
-20
-31
-78
28
-11
-11
-27
-65
16
-21
-15
-19
-37
48
-10
-17
3
-26
3
-30
1
-14
20
108
6
-23
13
229
14
-1
-9
-23
194
-22
-25
-3
-6
170
1
9
-9
30
151
-20
17
10
3
111
-29
2
2
3
74
-11
12
12
24
60
-18
27
30
7
17
-43
-7
15
8
-17
-40
5
4
33
-40
-38
33
17
16
-71
-33
21
16
-11
-97
-5
5
2
0
-101
-3
3
15
3
-103
-5
-3
6
16
-104
1
-3
-6
22
-96
4
0
10
2
-97
-2
-7
14
1
-95
0
-11
-8
11
-87
6
-5
-25
8
-84
3
0
-11
-10
-78
21
-11
-8
-4
-68
15
-10
-13
-5
-52
23
-11
-17
0
-24
61
-6
-16
6
-13
7
-34
14
-30
36
111
-1
-10
16
237
17
4
2
1
207
-10
-21
-4
0
183
3
0
5
26
167
-18
14
17
2
132
-19
-1
-8
-6
94
-19
-1
-3
-3
71
-27
22
10
-12
30
-42
4
-8
-11
-8
-45
10
-19
0
-39
-30
30
1
-5
-66
-24
17
15
-13
-86
-2
6
6
1
-97
-15
-7
9
10
-100
-11
6
11
21
-101
4
12
15
10
-96
7
-1
27
-2
-97
7
-17
20
10
-86
4
-11
3
21
-75
6
3
-1
6
-73
6
-4
15
-7
-72
4
-10
12
9
-63
12
0
2
18
-50
23
-4
2
19
-26
59
1
11
7
-15
18
-45
30
-17
45
121
0
-3
31
253
10
12
11
4
221
-10
-14
6
-12
190
-3
-10
-8
6
173
-14
14
-8
-12
142
-10
4
-14
-20
104
-20
-16
-29
-16
74
-38
6
-17
-6
32
-52
16
-25
-6
-7
-45
28
-31
-12
-40
-17
25
-14
-11
-63
-7
6
-1
-11
-69
14
-6
-19
-5
-73
-10
-17
-20
-18
-76
-18
3
-14
-23
-79
1
15
-12
-19
-81
-3
6
0
-28
-90
7
-14
6
-4
-82
7
-8
6
10
-65
16
6
12
-5
-62
15
-17
19
-6
-56
3
-17
10
9
-50
1
-3
6
14
-40
11
10
12
3
-25
51
11
29
-11
-18
21
-45
36
-7
43
129
0
-3
38
251
10
4
17
1
226
-11
-11
4
-13
196
0
-9
-25
5
180
4
6
-20
-7
158
-1
2
-13
-23
123
-17
-19
-30
-15
95
-39
-3
-33
-6
56
-52
22
-36
1
12
-38
31
-34
-5
-24
-17
19
-21
-16
-46
-5
-1
-19
-11
-53
8
-10
-32
-9
-60
-12
-17
-30
-25
-69
-19
-7
-32
-18
-73
-6
17
-31
-12
-75
4
8
-22
-23
-85
2
-20
-22
-14
-81
6
-4
-7
-6
-63
23
5
5
-10
-55
13
-16
0
-12
-53
13
-24
-4
4
-43
3
-13
-6
1
-32
6
13
0
-20
-23
41
5
18
-18
-15
19
-35
11
-7
48
147
7
-18
26
240
22
-4
23
4
224
1
-12
15
-1
206
9
-4
-18
4
191
7
0
-5
-1
173
4
-4
0
-6
144
-13
-15
-17
0
117
-35
-6
-34
8
78
-46
19
-27
4
35
-46
32
-15
-8
-8
-30
24
-22
-12
-35
-9
14
-24
-12
-46
10
3
-14
-7
-56
-7
-17
-5
-7
-63
-15
-16
-20
20
-67
-11
13
-28
19
-66
11
16
-23
1
-75
10
-17
-16
-13
-70
10
-17
-13
-10
-56
15
-2
-14
-2
-49
0
-3
-13
-19
-54
3
-16
-10
-5
-49
5
-7
-8
7
-41
13
7
5
-5
-28
45
-6
5
1
-17
22
-31
-3
-6
50
148
10
-14
2
242
24
-22
22
-2
234
11
-15
7
10
216
-2
1
2
0
193
0
7
18
0
177
10
4
16
10
157
4
-12
11
21
132
-9
-19
-12
21
103
-39
-3
-16
-2
65
-56
22
-13
-15
26
-31
33
-28
-7
-9
-16
28
-18
-14
-28
13
9
6
-2
-39
-5
-19
18
7
-46
-24
-7
5
23
-56
-17
15
8
31
-59
-2
26
16
4
-74
5
-6
15
-3
-75
4
-23
7
14
-62
10
0
-2
22
-50
17
1
-2
3
-49
12
-19
-2
-1
-41
15
-11
-5
1
-27
13
-7
-2
-3
-16
25
-4
-12
-3
-16
11
-12
4
-16
48
148
27
-1
7
245
17
-20
5
-10
236
18
-13
-4
8
225
6
1
11
-2
206
11
-1
14
4
187
7
-2
4
2
172
0
-3
2
-7
148
-9
-8
4
-2
113
-45
-6
1
-6
72
-48
11
-16
17
40
-21
37
-30
17
5
-17
26
3
-18
-14
19
1
11
-4
-20
-6
-18
6
-5
-28
-26
-7
0
2
-43
-16
9
4
11
-46
-5
29
20
-12
-59
12
-4
17
-8
-62
4
-23
2
9
-49
14
0
4
16
-36
21
-1
11
3
-31
17
-18
0
-9
-24
20
-21
-7
-2
-6
18
-14
-19
-5
6
28
-1
-21
-23
4
5
-19
7
-29
65
146
34
-9
11
261
15
-17
-24
-15
251
23
-5
-22
-1
236
1
-5
9
-15
216
16
-10
-8
-2
200
10
-5
-12
-8
183
-3
-2
-10
-31
165
13
-4
-14
-17
140
-32
-12
-8
-20
101
-39
-1
-22
13
65
-33
29
-30
4
36
-27
26
-12
-31
3
9
2
-21
-11
-13
-10
-11
-23
-21
-24
-17
-7
-22
-12
-35
-15
8
-25
-7
-37
6
22
-6
-21
-49
15
-9
3
-17
-47
6
-23
-9
-7
-36
12
-7
-11
-6
-23
16
4
2
-21
-21
19
-16
-1
-23
-10
28
-24
-15
-6
6
24
-14
-21
-5
22
33
-11
-14
-16
22
4
-36
-8
-13
84
143
36
-25
17
