27
28
3
30
31
32
33
34
35
36
403
63
39
40
67
42
43
145
45
46
47
48
49
307
76
103
366
288
55
30
31
32
85
86
61
62
404
63
297
66
67
68
69
70
71
72
73
74
206
307
114
103
419
158
185
134
31
84
85
86
87
62
405
90
116
92
116
94
176
96
97
20
99
100
127
329
12
77
208
158
159
108
109
110
111
112
87
430
432
90
91
118
119
120
121
148
123
124
125
20
127
128
23
25
391
158
159
134
135
136
137
138
139
430
271
142
249
144
145
146
121
148
149
150
151
152
179
256
154
155
445
158
159
160
161
162
137
164
139
140
353
15
38
170
171
172
173
174
176
176
177
152
179
205
407
51
445
288
185
30
5
188
189
190
217
192
219
41
301
196
197
198
199
200
201
202
203
204
74
75
76
77
445
288
237
264
213
214
215
216
217
218
219
325
221
222
223
196
18
200
227
228
229
230
231
257
76
51
445
288
263
238
318
214
215
242
243
244
245
249
247
248
249
250
251
173
123
123
47
230
231
309
455
259
287
340
263
264
424
266
267
268
269
270
271
249
273
274
275
275
252
252
170
254
255
153
408
309
455
259
287
314
315
316
317
292
293
294
295
270
297
324
324
300
301
324
226
275
250
276
355
307
308
309
489
259
339
340
315
316
449
318
319
320
321
322
323
324
16
326
327
168
16
304
14
302
356
331
435
336
463
389
338
366
314
342
369
370
265
346
373
348
349
350
351
352
167
167
303
355
332
332
333
435
428
362
414
389
338
366
393
368
474
370
397
372
426
374
401
375
377
378
379
353
381
276
332
408
460
412
484
362
463
415
365
418
472
419
79
396
397
398
399
400
483
402
403
404
140
379
381
350
408
375
403
412
428
336
463
415
417
418
208
419
420
422
237
424
425
426
427
413
429
430
432
432
303
330
331
331
460
412
438
487
463
441
443
364
365
208
235
448
316
450
451
452
453
413
455
456
457
458
332
333
334
428
384
284
440
480
489
441
468
470
471
444
472
474
475
476
477
478
479
480
481
482
483
374
485
411
409
387
463
464
465
491
492
493
