47
45
62
55
47
45
62
55
44
45
41
47
43
41
44
47
59
39
57
43
51
57
49
59
38
36
49
51
32
36
33
38
34
35
33
36
29
27
35
33
17
24
19
25
17
18
16
11
21
20
23
25
21
3
20
23
11
10
20
17
15
14
8
12
2
1
6
5
2
12
1
8
8
9
12
10
13
12
8
5
13
9
4
15
10
9
11
13
17
13
16
14
18
19
23
25
17
22
11
20
60
58
61
56
45
47
62
55
45
47
62
55
44
41
45
47
43
44
47
41
57
59
39
43
49
51
57
59
38
51
36
49
32
36
38
33
34
36
33
35
29
27
33
35
24
19
25
17
18
17
16
11
21
20
23
25
15
20
21
3
10
11
15
17
12
15
14
8
1
2
6
5
12
1
8
2
8
12
9
10
5
13
12
8
4
9
13
15
10
9
11
13
16
17
6
14
19
23
18
25
19
17
11
22
60
58
61
56
46
45
55
62
45
47
62
55
41
44
47
45
43
41
44
47
57
39
59
43
49
51
57
59
36
38
49
51
36
32
38
33
35
33
34
36
27
33
29
35
24
19
25
17
18
16
17
22
20
21
23
25
15
20
3
21
10
11
15
17
1
12
15
14
12
1
2
6
8
12
1
2
12
8
9
10
5
13
12
8
9
4
13
15
9
10
13
11
16
17
6
14
19
18
23
25
19
11
18
17
60
58
61
56
46
55
54
62
45
47
62
55
41
44
47
45
43
41
44
47
57
59
39
43
49
51
57
59
36
38
51
49
36
32
37
33
34
33
35
36
27
29
33
28
24
17
25
19
21
18
17
16
11
20
21
23
14
15
3
20
11
10
15
17
1
0
12
14
12
1
6
2
8
12
1
2
1
12
8
9
13
5
8
12
9
13
4
15
13
9
10
11
14
13
6
17
17
18
19
25
17
19
11
18
60
58
31
61
62
55
46
54
45
47
62
55
41
47
44
45
42
43
41
44
57
39
59
43
49
51
57
59
36
38
37
49
33
36
32
37
34
33
35
36
28
27
26
29
24
17
25
19
21
16
17
18
10
11
21
20
1
14
3
15
1
15
11
10
4
0
1
14
9
1
12
2
1
12
8
2
0
1
9
8
0
8
12
13
9
4
13
15
13
9
10
11
14
13
6
17
15
17
19
18
17
19
18
11
60
58
61
31
55
62
59
46
45
47
62
55
41
44
47
45
43
42
41
44
57
39
59
43
49
51
57
59
36
38
49
37
33
36
32
37
33
34
35
36
28
24
27
29
22
25
24
19
20
17
16
21
11
3
10
21
1
2
3
14
12
1
11
15
4
0
9
1
9
1
0
2
1
12
2
8
0
1
8
9
0
8
13
12
5
4
9
13
5
13
9
10
6
9
13
17
17
16
19
18
17
18
19
11
58
60
61
31
59
62
55
57
45
47
62
55
41
44
47
45
43
42
41
44
57
59
39
43
49
51
59
57
36
38
49
37
33
36
32
37
33
34
35
36
23
24
27
28
22
20
25
19
11
20
17
16
3
11
21
10
3
1
2
14
3
11
12
15
9
4
0
1
0
1
2
9
0
1
2
12
12
1
8
0
12
8
13
0
5
1
4
13
5
9
13
10
6
9
13
17
7
16
17
18
19
18
17
11
60
58
61
31
59
62
55
57
45
47
62
55
41
47
44
45
43
40
41
42
59
39
57
43
49
51
59
57
38
49
36
37
32
36
33
37
33
34
35
36
23
27
24
28
22
20
25
19
14
11
17
20
6
3
21
11
2
1
3
14
8
3
12
11
13
1
0
9
2
0
1
9
13
0
1
12
12
8
1
0
12
8
0
13
5
4
1
13
4
9
13
10
9
6
4
17
7
16
17
18
19
25
18
17
60
58
61
31
59
55
62
57
45
47
62
55
47
41
45
44
40
43
42
41
39
43
57
59
51
49
59
57
38
49
57
37
32
36
37
33
33
36
34
35
29
27
23
28
22
20
23
25
14
11
15
17
6
21
7
3
10
14
3
2
14
12
8
11
2
1
13
0
2
9
1
0
13
0
12
1
0
8
12
1
0
1
12
8
4
13
5
1
10
4
9
13
17
9
15
6
25
17
7
16
19
28
25
18
60
58
61
31
59
53
55
62
45
47
55
62
47
45
44
41
40
42
44
43
43
42
39
57
51
59
49
57
38
57
37
49
32
36
33
37
33
32
34
36
29
27
23
28
22
24
20
23
11
3
17
14
7
3
21
6
20
10
3
14
11
14
12
8
3
1
2
0
3
2
9
0
0
2
13
12
0
1
8
12
0
1
8
12
4
13
5
1
10
9
4
13
17
18
6
9
31
25
17
16
35
28
19
25
61
60
58
31
53
59
62
55
46
47
45
55
47
45
44
41
40
44
42
43
40
42
43
39
39
59
51
57
59
57
37
38
32
36
33
37
34
33
32
36
29
27
28
23
22
20
24
23
11
3
14
17
6
7
3
21
7
3
20
10
7
11
14
12
7
3
2
0
3
9
2
0
3
2
0
12
3
0
1
12
6
0
1
8
7
4
5
13
10
16
4
9
25
18
17
6
31
25
16
17
35
48
28
25
61
60
58
31
53
59
62
55
47
46
45
55
62
47
45
44
47
44
40
42
42
40
43
39
38
39
59
51
39
59
38
37
32
36
33
37
34
33
32
36
29
27
28
23
20
22
23
24
15
3
14
11
15
6
3
21
14
10
7
20
6
14
7
12
15
7
3
2
9
15
3
0
7
2
3
12
3
21
1
0
20
6
8
0
16
7
5
4
19
16
10
9
26
25
18
17
31
50
25
17
48
35
28
25
61
60
58
51
62
63
59
53
46
47
55
45
62
47
45
44
47
44
40
42
46
42
40
43
43
38
39
59
37
39
38
59
36
37
32
33
33
34
36
32
27
29
28
23
22
20
23
24
15
21
3
11
15
21
3
6
14
15
10
20
15
14
6
7
10
15
7
3
15
9
0
3
16
7
12
2
21
3
22
0
20
23
6
8
18
16
7
5
25
19
16
10
27
25
18
26
50
31
60
25
48
35
28
25
61
60
58
51
63
62
53
59
46
55
45
47
47
62
45
44
46
47
44
40
46
42
40
43
42
43
38
39
37
38
39
59
36
37
32
33
34
33
36
32
27
29
28
23
23
22
20
24
18
21
3
15
18
3
21
6
22
20
15
10
20
6
7
15
20
3
7
15
11
15
3
9
16
17
7
12
25
21
22
3
25
23
20
6
24
18
16
7
27
25
19
16
31
26
27
25
56
50
60
31
48
35
28
25
61
60
58
51
63
62
53
59
46
55
45
47
54
47
62
45
58
46
47
44
46
42
40
43
42
43
38
39
40
37
38
39
37
36
32
33
36
34
33
32
29
35
28
27
28
24
23
22
26
18
21
3
24
18
21
3
18
22
20
15
23
20
6
7
22
20
3
7
16
3
11
15
20
16
7
17
25
22
21
3
25
26
23
20
26
24
18
16
28
25
19
27
56
31
26
27
56
50
60
31
48
35
28
25
61
58
60
51
62
55
63
53
55
46
45
47
54
62
47
45
46
58
47
44
46
52
42
40
42
47
43
38
40
41
37
38
37
40
36
32
36
37
33
34
34
35
29
28
28
29
23
24
26
30
18
21
24
18
21
3
24
18
20
22
23
20
7
6
23
20
22
3
16
18
3
11
18
16
20
7
25
22
21
3
26
28
23
25
24
26
18
16
28
25
27
19
31
26
27
30
50
31
60
56
48
35
28
25
61
58
60
51
55
53
62
63
55
46
47
45
62
54
45
47
46
62
58
47
62
52
46
42
55
47
42
43
47
41
40
37
40
37
36
32
37
36
33
34
36
34
35
29
35
29
28
23
59
30
26
18
28
24
18
21
28
24
18
22
24
23
20
6
24
22
20
23
11
18
16
3
18
16
7
20
25
21
3
22
25
27
26
28
26
30
24
18
28
30
25
27
50
31
30
26
50
31
56
60
48
50
35
28
58
61
60
51
53
55
62
63
54
55
46
47
62
59
54
45
62
55
58
46
52
46
54
62
52
47
55
42
47
40
41
37
40
37
36
32
37
36
33
34
39
36
34
35
35
29
28
23
59
30
26
18
35
28
24
18
35
28
24
18
28
24
23
20
29
24
22
23
25
18
16
11
24
18
16
7
30
25
21
3
31
27
26
28
30
48
26
24
48
30
28
25
51
50
31
30
56
51
50
31
48
50
35
28
58
61
60
51
