47
47
45
43
59
52
38
36
34
29
19
16
23
21
20
15
2
0
8
13
13
9
15
23
18
60
46
45
44
43
57
52
38
36
34
35
24
16
21
15
15
12
1
12
8
5
4
9
6
23
19
60
46
45
41
43
57
49
38
36
35
29
24
22
21
15
10
1
12
8
12
5
9
9
6
18
18
60
54
45
41
43
57
55
38
37
34
28
23
21
11
14
10
0
12
8
1
5
9
13
13
17
17
31
62
45
41
42
57
49
37
36
34
26
23
21
10
1
1
4
9
1
0
0
9
13
13
15
15
60
59
45
41
43
57
49
38
36
33
24
22
20
3
2
12
9
0
1
0
0
5
5
9
16
18
58
57
45
44
43
57
49
38
33
33
23
20
11
3
3
3
9
0
0
12
12
1
5
9
7
18
60
59
45
44
40
39
49
38
32
33
24
20
14
6
3
8
13
1
13
12
12
5
4
4
16
25
60
55
45
47
43
43
54
57
36
33
29
23
15
7
10
14
2
2
13
12
1
5
9
15
25
28
60
53
45
47
44
42
61
57
36
32
29
24
3
7
20
11
3
3
2
0
0
4
10
18
31
35
60
53
46
47
44
40
39
59
36
34
29
24
3
7
7
7
7
3
3
3
6
7
16
25
31
48
61
53
45
62
47
40
38
39
36
34
29
23
15
15
14
6
15
15
7
21
20
16
19
26
50
48
51
63
47
62
47
46
43
39
37
33
29
23
21
15
15
15
10
15
16
22
23
18
25
27
60
48
61
62
46
47
46
46
42
37
37
33
29
24
18
18
22
20
20
11
17
25
25
24
27
31
56
48
61
62
46
54
58
57
42
40
37
36
35
28
26
24
18
23
22
16
20
25
26
26
28
56
56
48
61
55
55
54
58
52
47
41
40
37
34
29
30
24
24
23
23
18
18
25
28
26
28
30
50
48
61
55
55
62
62
62
55
47
40
37
36
35
59
28
28
24
24
18
18
25
27
30
30
50
50
50
61
53
54
59
55
54
52
47
40
37
39
35
59
35
35
28
29
25
24
30
31
48
48
51
51
48
61
53
54
53
54
52
46
52
44
41
37
39
56
35
35
28
31
30
30
31
56
48
48
51
51
49
61
