-378
-230
-73
-36
-194
80
-443
16
-9
-82
-175
106
-415
-165
75
-156
-172
81
-441
-60
-77
-96
-131
105
-440
-106
-87
-133
-86
104
-441
-43
100
-203
-55
82
-321
-335
89
-41
-53
55
-331
-283
-188
-37
-41
79
-476
6
-75
-43
-14
33
-476
-44
-18
-38
-7
32
-362
-173
-161
-54
-6
8
-472
-40
97
-119
6
57
-397
-226
122
-161
35
56
-316
-293
-165
-79
55
78
-405
-187
77
-67
95
31
-260
-313
164
-60
162
30
-203
-109
-301
-158
41
9
-126
-22
-79
-54
-49
72
-132
-116
-43
-129
240
43
-104
-20
-37
-62
212
335
-180
-70
14
-51
159
69
-113
22
53
-109
-9
402
-111
-37
77
-61
-59
401
-122
-42
78
-114
201
154
-117
-2
96
-216
15
49
-115
21
99
-232
217
180
-146
-78
128
-159
65
23
-114
-58
151
-48
49
94
-116
-142
154
-184
75
68
-100
-60
165
-134
26
334
-104
-131
247
-120
-3
308
1024
1024
1024
1024
1024
-1
-212
-79
-349
43
41
36
-316
12
-278
-35
76
35
-258
34
-269
63
-19
62
-383
-173
-144
-27
3
7
-452
11
-114
-3
-9
34
-365
-162
-89
50
28
6
-239
-341
-83
115
-58
54
-199
30
-36
75
4
70
-235
-58
-12
83
-26
129
-285
-9
-9
58
-38
155
-204
13
30
372
-227
285
-243
-202
52
54
183
5
-248
-64
72
351
-189
311
-186
-23
90
17
102
95
-204
10
98
101
-223
337
-167
-238
149
3
-76
22
-132
-351
162
104
42
29
-150
-345
-207
82
148
53
-129
-324
-144
0
228
52
-98
-177
-50
-30
-116
47
-163
-103
145
-19
-209
48
-154
-79
-293
57
-78
63
-164
-45
-67
184
-13
103
-151
-35
-106
159
60
336
-150
-30
-147
74
-10
44
-108
-10
-117
64
-129
45
-103
-6
-178
105
117
310
-108
3
155
132
71
120
-120
18
18
0
-167
73
-139
36
155
12
-91
74
-159
43
142
35
61
121
1024
1024
1024
1024
1024
-1
-341
141
-201
25
46
61
-322
209
-89
25
38
87
-455
174
-53
43
-18
60
-481
178
-16
-19
-7
59
-275
226
9
40
12
183
-424
251
15
28
-14
85
-470
170
29
-33
-34
130
-454
212
30
-1
-20
84
-499
120
36
-47
-16
58
-426
258
37
31
-8
132
-452
219
39
-1
-25
131
-299
225
41
41
32
182
-407
231
47
-4
15
109
-462
101
63
-109
-17
83
-434
85
71
-115
-118
107
-424
161
77
-88
-26
108
-258
149
-148
36
-38
88
-214
244
-18
46
31
114
-199
213
53
31
36
208
-184
67
-3
5
45
96
-176
70
-185
16
-124
89
-174
214
21
45
23
209
-165
193
26
26
10
139
-159
58
-79
16
-20
71
-145
129
-70
-53
-28
97
-130
131
0
-102
48
122
-114
211
30
10
24
140
-110
165
47
20
40
234
-106
75
172
-60
77
147
-105
54
60
-85
118
75
-103
69
-21
-170
116
24
1024
1024
1024
1024
1024
-1
-293
70
-20
96
-46
181
-266
113
-26
160
-92
207
-248
225
24
63
6
160
-406
235
14
57
-15
86
-274
242
14
70
16
136
-292
244
7
78
-3
159
-266
253
18
56
61
113
-325
259
58
104
11
112
-315
264
21
90
14
135
-340
266
-8
88
3
158
-387
269
29
51
25
133
-349
272
26
80
24
134
-373
273
27
61
18
110
-375
281
6
82
39
157
-335
281
26
81
17
111
-404
292
43
88
54
156
-244
221
-3
54
-19
184
-241
121
-28
272
-148
233
-234
219
3
65
13
137
-219
192
26
81
-15
138
-217
209
26
55
3
161
-213
81
-5
354
-198
259
-198
202
13
50
-8
185
-181
198
22
49
11
162
-156
183
26
48
11
186
-151
225
-45
55
-30
115
-146
203
7
65
-7
210
-145
182
11
47
13
163
-129
171
23
48
7
187
-127
165
32
54
-21
164
-110
171
17
57
2
211
1024
1024
1024
1024
1024
-1
-19
-98
-132
-154
-125
378
-57
-133
-119
-145
-87
377
-16
-80
-121
-120
-196
91
-50
-118
-359
-100
-11
10
-91
-161
-79
-97
-41
376
-61
-154
-91
-54
-11
46
-56
-194
-282
-35
-82
64
-80
-159
-30
-35
-8
375
-19
-43
-16
-2
12
418
-16
-51
-19
1
9
419
-16
-61
-16
4
8
420
-44
-46
-15
4
9
445
-48
-56
-14
6
8
446
-81
-183
-352
81
1
37
-78
-60
-266
92
114
18
-47
-79
-233
203
-159
19
-41
-105
-5
-19
3
399
-40
-79
-6
-9
2
423
-28
-78
-8
-3
9
422
-20
-71
-12
2
10
421
-54
-60
-8
-2
2
447
-61
-57
-2
-14
-3
448
-43
-39
-12
2
11
444
-75
-39
-4
2
3
472
-23
-37
-8
-1
12
417
-68
-34
-7
2
6
471
-42
-34
-6
1
12
443
-65
-31
-6
4
8
470
-64
-30
-4
4
11
469
-29
-28
-10
5
2
416
-17
-26
-10
5
3
390
1024
1024
1024
1024
1024
-1
-88
-240
191
-114
-209
67
-60
-155
171
-37
-114
333
-63
-396
223
-29
-108
41
-30
-271
404
116
-98
230
-29
-254
172
48
-87
307
-55
-221
391
41
-62
256
-83
-185
331
-54
-37
282
-44
-131
10
5
-14
374
-22
-102
1
4
3
398
-40
-164
143
66
12
223
-30
-300
4
-36
15
21
-73
-133
358
-179
108
205
-97
-236
196
-213
124
42
-83
-152
341
-34
131
179
-71
-137
266
86
150
153
-69
-215
207
48
232
4
-64
-70
315
-243
175
231
-38
-100
3
-227
347
17
-49
-58
160
-103
-184
93
-77
-81
125
-98
65
224
-45
-41
154
-69
-82
359
-68
-54
13
-36
-21
425
-76
-84
32
-31
-39
400
-67
-44
4
-25
-10
449
-50
-86
224
-24
44
198
-57
-71
8
-18
-16
424
-81
-26
4
-15
-3
474
-94
-47
37
-7
188
128
-80
-36
-1
-6
-1
473
-45
-76
243
6
-5
172
-48
-71
184
124
147
127
1024
1024
1024
1024
1024
-1
-93
-10
-183
-64
-169
90
-87
162
3
-53
-115
98
-62
188
-120
-98
-54
123
-86
27
61
-57
-45
427
-71
78
51
-65
1
428
-71
58
-46
-95
38
403
-59
187
-20
-132
74
148
-69
77
-70
-165
101
50
-43
60
161
-147
113
173
-18
45
63
-176
169
199
-47
-22
211
-279
218
257
-59
5
0
-225
218
309
-44
-6
91
-289
225
283
-78
78
60
-304
226
206
-33
107
-131
-149
230
258
-49
117
-35
-251
257
232
-46
58
-188
-40
165
284
-23
76
-104
-11
-16
404
-83
5
-35
-10
119
361
-62
86
-27
-34
-125
362
-35
96
-13
-40
50
429
-19
67
-2
-15
7
454
-79
-8
6
-22
-6
475
-72
11
8
-21
-6
476
-60
26
12
-11
2
477
-71
-22
17
-30
-19
450
-46
55
17
-26
-3
453
-65
29
25
-28
-8
452
-70
4
26
-30
-14
451
-80
-25
28
-48
-35
426
-91
-17
102
-50
63
360
1024
1024
1024
1024
1024
-1
-78
196
-45
29
-55
116
-45
-26
-7
5
4
442
-98
-17
-135
207
6
77
-64
150
10
66
6
236
-64
-22
-7
6
7
468
-44
42
16
-4
7
478
-38
117
18
52
10
237
-74
151
2
16
13
165
-33
102
14
38
18
214
-48
68
-140
151
19
51
-16
54
6
-4
20
479
-51
129
-142
48
23
25
-18
129
-39
10
25
166
-28
97
12
42
42
261
-72
71
-106
0
134
76
-76
64
-60
143
176
102
-98
155
22
44
13
188
-86
165
20
46
33
235
-79
139
23
49
19
212
-78
-7
211
115
38
146
-72
95
79
160
209
101
-69
141
21
40
14
189
-64
136
176
147
84
100
-61
225
31
41
29
141
-57
122
19
45
15
213
-48
101
31
15
46
260
-48
135
41
38
-5
190
-25
210
109
18
-69
99
-25
64
118
99
15
119
-18
84
22
38
21
238
1024
1024
1024
1024
1024
-1
1024
1024
1024
1024
1024
-1
46
-255
-156
-181
-122
352
61
-252
-66
-181
-115
353
14
-106
-71
-136
-121
379
24
-272
-173
-105
-63
351
16
-298
-213
-81
-95
65
-6
-301
-80
-69
-192
66
-1
-258
-156
-25
15
350
7
-118
-15
4
37
373
12
-206
-107
6
66
349
1
-94
-12
6
15
397
44
-301
-317
25
43
38
20
-134
-15
25
10
348
76
-109
-28
29
23
322
33
-230
-67
33
-19
20
76
-436
-82
39
-28
40
-12
-272
-24
219
-15
28
-4
-68
-11
-125
-255
92
52
-91
-19
-96
-60
380
15
-58
-16
-1
6
394
30
-39
-14
-1
6
367
10
-49
-20
0
7
393
39
-48
-11
-3
7
368
31
-28
-11
-8
7
340
20
-34
-15
-5
11
366
16
-70
-13
-1
12
395
2
-42
-19
-2
13
392
45
-59
-10
-2
14
369
-6
-37
-11
-4
14
391
12
-82
-13
3
16
396
47
-71
-12
4
18
370
61
-93
-12
5
42
347
1024
1024
1024
1024
1024
-1
10
-257
373
-215
114
16
69
-79
9
-64
-6
381
57
-80
178
-37
-83
249
13
-105
67
-32
-67
358
48
-120
-1
-7
-31
357
40
-201
28
6
-47
332
41
-84
-9
10
20
371
62
-75
8
15
17
346
21
-100
3
17
20
372
53
-104
142
81
-60
171
14
-148
150
111
-35
197
50
-289
169
121
-54
281
60
-189
244
154
41
3
4
-291
361
190
-105
204
42
-120
254
273
7
152
29
-212
315
281
-35
178
64
-59
17
-26
-10
382
73
-58
-3
2
12
345
71
-49
-5
-3
15
344
64
-44
-4
-8
12
343
43
-42
40
-9
-34
383
53
-38
-5
-8
3
342
42
-32
-9
-7
0
341
10
-31
-9
-7
13
365
77
-28
0
-8
12
318
67
-27
5
-8
12
317
73
-26
34
-7
-4
408
19
-26
-7
-5
10
339
21
-25
82
-24
-32
384
54
-24
4
-3
3
316
-5
-22
-9
3
1
364
1024
1024
1024
1024
1024
-1
135
-143
-333
-55
-93
11
123
-414
-218
9
63
39
116
-209
-129
86
165
27
101
-164
-107
28
111
323
91
-199
-91
38
75
324
104
-202
-56
-31
48
325
102
-193
-52
-94
56
326
90
-154
-49
43
-7
331
84
-189
-13
-135
-56
354
78
-125
-10
-38
-2
356
114
-238
-1
52
-4
306
93
-153
5
-95
4
355
99
-173
20
-49
68
327
78
-139
51
60
25
222
140
-268
164
150
-49
255
125
-425
352
68
-113
15
111
-117
-54
38
33
330
111
-104
3
-9
82
328
121
-102
-23
1
88
329
125
-102
-13
60
48
221
128
-97
12
51
-15
196
107
-72
-28
11
18
296
101
-57
-8
-11
21
321
85
-48
7
7
6
320
122
-36
-27
-17
0
270
108
-36
-9
-15
10
295
85
-35
-2
-3
6
319
87
-32
3
5
8
294
78
-32
17
-39
-9
407
85
-29
14
0
0
433
130
-27
-23
52
12
220
1024
1024
1024
1024
1024
-1
140
-168
-30
-42
195
26
151
-111
-90
118
2
305
169
-81
62
151
-103
2
207
-82
22
-21
-26
299
210
-198
-22
98
14
280
215
-247
126
136
-63
229
262
-188
67
164
-41
203
288
-132
-41
88
-11
254
315
-214
-281
-68
-50
12
326
-80
-78
75
-55
228
354
-385
10
61
-77
14
422
-322
-147
-22
-16
13
1070
-267
-29
248
48
467
1113
-456
92
-11
-102
493
1153
-156
-71
106
44
491
1202
-304
-34
23
-6
492
253
-26
47
-50
-136
273
237
-39
127
-69
-88
274
158
-79
92
-39
-70
248
188
-72
16
-11
-61
247
184
-33
-22
-17
-51
246
209
-31
-123
137
-28
279
146
-59
6
43
-20
170
261
-40
50
216
-2
177
191
-75
-47
-21
7
298
158
-37
-34
7
12
195
198
-76
83
-53
15
300
174
-61
-68
-46
56
297
156
-38
202
-8
66
301
144
-38
-103
128
70
304
248
-27
7
-88
82
0
1024
1024
1024
1024
1024
-1
-8
225
97
-200
-336
363
57
211
-83
-8
-143
124
80
173
19
-143
-101
387
136
150
34
68
-94
125
20
43
-69
24
-69
405
25
148
63
27
-58
118
4
160
5
3
-48
117
147
46
34
-94
-44
435
59
-7
-15
-18
-43
406
43
249
-137
-21
-36
149
94
55
-60
29
-29
168
15
42
112
-65
-27
385
26
5
131
-148
-25
250
20
93
76
-82
-21
386
133
1
5
-54
-20
459
77
10
-14
18
-20
432
86
37
64
-63
-15
410
101
-19
31
-23
-2
434
113
-4
-22
-8
3
244
105
2
-8
-6
-4
483
43
-21
-2
-4
1
315
153
-4
-38
-1
-8
169
61
-9
58
0
-11
409
2
-17
-10
5
-1
338
92
-15
-3
6
1
458
2
-4
-9
11
-1
312
71
7
-17
25
1
457
122
24
-38
35
-9
194
38
97
-62
36
-9
167
48
60
-48
55
-18
431
28
-16
199
210
-10
126
1024
1024
1024
1024
1024
-1
187
311
61
-198
-252
388
209
48
-209
81
-110
227
229
232
58
-168
-172
412
240
138
16
-181
-102
436
244
0
-28
-88
-103
272
276
112
-15
-175
-123
485
329
164
-5
-200
-148
461
356
458
131
-226
-255
389
361
342
103
-179
-208
413
385
239
-8
-204
-139
437
421
196
-11
-205
-167
486
494
248
4
-191
-158
462
538
327
74
-131
-186
438
558
458
145
-164
-115
414
603
262
8
-162
-144
487
693
295
13
-122
-97
463
168
118
-225
100
-40
201
233
22
-153
91
-88
253
255
142
-123
134
-21
176
313
9
-120
120
-49
202
176
219
-91
74
-95
150
212
9
-47
-115
-31
271
171
5
-31
-57
-28
245
173
38
-11
-91
-53
484
212
70
1
-142
-81
460
793
270
24
-73
-55
488
158
138
42
-151
-62
411
218
77
47
156
-29
151
859
281
63
-8
-29
464
718
386
152
-74
-82
439
160
-10
253
-47
-71
275
1024
1024
1024
1024
1024
-1
-4
37
-53
-171
138
225
9
90
-63
25
30
430
16
193
-46
-114
114
174
48
38
-32
13
7
456
56
133
-166
-70
112
200
78
62
-43
53
10
193
92
83
-34
-145
86
251
98
94
-217
-27
36
226
118
224
-163
58
16
175
139
5
-34
36
187
303
159
93
-161
12
11
252
170
47
-127
87
61
278
278
-18
-54
-27
29
1
947
102
-51
261
233
441
1074
20
-68
102
95
490
1105
-13
-68
115
148
466
137
77
-19
-69
151
277
99
-22
-10
-8
5
269
33
-17
-4
-7
6
314
21
-13
-3
-2
8
313
12
58
-23
2
11
455
12
50
-12
9
23
480
76
-14
-4
9
12
268
81
9
-10
10
14
243
82
46
-17
17
33
218
55
24
-2
18
17
242
120
26
-27
24
7
219
41
35
-18
25
13
481
954
183
-18
26
56
489
37
96
-26
27
43
192
69
12
-15
27
12
482
1024
1024
1024
1024
1024
-1
-14
39
6
19
27
286
-6
122
14
19
31
191
33
8
4
14
8
289
35
26
11
14
15
265
35
39
4
18
17
241
45
-2
10
4
7
290
46
66
7
17
32
217
48
15
6
9
10
266
58
-6
8
-2
10
291
63
2
0
7
10
267
70
-9
5
-5
7
292
80
-17
2
-1
5
293
115
63
160
-115
28
276
134
18
96
-16
158
302
728
467
108
-13
49
415
893
331
64
-2
146
440
-10
85
7
59
18
262
-7
86
11
30
16
215
-1
70
17
33
18
239
1
221
18
68
62
142
7
30
3
22
28
287
7
58
12
39
16
263
14
80
25
26
7
216
15
54
12
25
17
240
15
33
121
202
37
145
21
34
15
20
17
264
21
23
0
24
15
288
75
187
15
91
95
143
83
128
28
166
75
144
999
164
10
67
107
465
1024
1024
1024
1024
1024
-1
1024
1024
1024
1024
1024
-1
