0
-16
0
-98
0
80
1
43
0
-59
2
-4
0
168
3
-36
3
46
2
10
0
-41
1
-39
1
-9
2
-13
0
278
0
-260
0
-167
0
-275
0
-248
0
-72
0
-73
0
-48
0
-23
0
24
0
37
0
53
0
21
0
121
0
108
0
212
0
693
4
-41
0
-116
2
-36
0
-139
2
30
0
-159
1
259
0
-181
1
-17
0
-64
4
33
0
-68
2
-8
0
-44
2
4
0
-18
3
-1
0
47
1
-17
0
56
3
6
0
67
3
22
0
46
1
-102
0
139
1
-32
0
136
1
-33
0
244
1
196
0
999
0
0
1024
251
-26
-1
-88
79
279
-18
-55
-22
18
165
-86
72
153
-111
60
-190
249
143
50
-72
-213
201
45
235
-245
-199
45
58
177
-364
-161
-92
50
24
-378
-176
-143
-29
6
-356
-172
-163
-57
-9
-193
-107
-305
-162
40
-43
-118
-354
-97
-18
146
-142
-331
-57
-92
324
-215
-277
-67
-47
428
-324
-145
-20
-17
354
-383
18
61
-85
125
-436
347
71
-96
-26
-263
415
-191
81
-67
-76
49
-256
348
-79
-20
-298
51
188
-50
-64
-298
245
-141
37
-230
-104
103
-65
-18
-339
19
-41
-2
-163
-273
166
-41
-79
-147
-83
124
-190
55
-105
64
-26
-173
111
-47
128
-147
51
21
147
-160
-32
-44
194
121
-203
-126
93
158
-10
-268
-11
224
-22
-128
-347
170
98
51
-260
-306
163
-60
166
-406
-182
73
-61
91
-474
-43
-22
-35
-9
-474
2
-75
-43
-13
-447
10
-117
-6
-10
-309
10
-282
-37
78
-207
-83
-346
48
39
-74
-187
-352
81
6
49
-307
-315
26
47
126
-418
-218
9
62
76
-436
-75
38
-32
-70
-411
221
-20
-96
-120
-230
231
-215
90
-147
-99
-28
-156
252
-154
-26
-199
66
44
-117
-22
-159
102
-155
-63
-165
-91
-33
-60
-102
-208
-34
-77
-124
-168
-116
152
-57
-205
-118
11
87
-217
16
-71
81
-74
-154
96
-46
67
-142
155
20
-124
-324
-147
4
233
-147
-347
-205
91
147
-239
-342
-73
117
-60
-320
-336
93
-47
-42
-398
-222
121
-160
40
-472
-35
95
-113
6
-498
122
35
-44
-14
-480
176
-16
-18
-5
-451
173
-58
44
-15
-336
136
-208
27
48
-255
27
-270
67
-21
-149
-86
-295
55
-76
-53
-201
-281
-38
-81
18
-302
-213
-83
-96
-5
-302
-77
-70
-194
-92
-241
201
-118
-219
-124
-121
185
-197
54
-188
-55
20
-56
185
-206
33
-63
89
31
-169
66
-82
40
-48
-135
-15
-66
-57
-61
-132
17
22
-28
-156
-144
47
154
16
-78
-104
73
52
-65
126
-73
76
-107
10
129
-97
-18
-136
210
5
-313
-297
-169
-73
60
-330
-288
-187
-31
-42
-378
-233
-67
-37
-194
-414
-168
76
-161
-165
-442
-43
97
-202
-53
-462
102
61
-105
-19
-453
211
29
-1
-21
-424
248
16
26
-14
-403
233
10
56
-12
-319
204
-96
25
36
-256
143
-149
37
-45
-173
65
-186
11
-126
-90
-15
-182
-71
-171
-15
-84
-121
-120
-197
2
-66
-12
-133
-258
-31
-34
168
-137
-214
-92
-28
160
-65
28
-187
-23
106
55
111
-195
58
27
41
69
-157
128
-63
-54
4
-114
157
-21
-66
-111
-50
209
83
16
-89
-73
132
171
157
86
-73
90
77
160
219
-79
63
-63
140
171
-167
-47
-69
183
-17
-439
-112
-92
-131
-88
-441
-66
-78
-96
-136
-443
11
-6
-87
-178
-434
81
70
-121
-117
-424
159
75
-89
-27
-407
230
47
-3
12
-373
272
28
60
18
-336
279
27
80
17
-324
258
55
103
12
-266
251
15
55
59
-213
241
-20
44
26
-150
222
-47
51
-33
-75
194
-45
25
-57
4
156
5
5
-48
41
160
57
2
-66
16
107
118
54
-12
-77
17
153
155
70
-173
7
180
124
74
-157
93
54
-66
98
-101
171
-122
-131
6
0
206
-138
-38
-152
99
159
-7
72
-132
18
-20
196
219
-14
-48
-75
183
118
155
-97
-45
32
-11
183
-239
-58
-14
85
-32
-471
166
27
-36
-39
-453
216
40
-5
-30
-426
256
37
26
-9
-388
268
29
49
24
-350
271
25
80
22
-316
263
20
90
13
-275
241
14
69
16
-235
219
4
65
13
-220
192
27
80
-14
-166
195
27
26
10
-114
213
31
11
24
-61
228
31
42
30
2
222
17
70
64
76
188
16
93
94
114
155
19
127
67
63
55
92
194
51
-53
-28
206
183
41
-136
13
240
24
68
-103
139
47
-150
128
-21
236
-156
-90
16
116
247
-154
58
-120
182
106
3
170
-78
33
-116
257
278
-4
-70
-134
267
76
155
-120
-35
71
-118
200
-287
-7
-10
69
-46
-406
295
46
87
53
-377
285
8
82
41
-342
270
-7
90
7
-293
248
7
82
0
-249
227
23
67
6
-218
210
26
56
4
-182
198
21
49
11
-146
181
11
46
11
-127
165
32
52
-22
-74
151
1
15
14
-17
130
-39
10
25
39
96
-63
38
-8
94
51
-60
32
-27
154
-4
-35
-4
-11
180
-40
-19
12
-4
107
-105
84
85
-39
-28
-118
246
76
-49
-84
-7
257
-99
69
-34
154
32
-188
165
57
241
-186
-18
58
196
193
-193
141
-56
232
-1
10
235
-55
26
-205
324
280
-47
-78
-144
344
-47
136
-109
30
93
-230
222
-293
72
-18
112
-54
-301
225
39
42
33
-276
225
8
40
11
-245
220
-3
53
-20
-199
201
14
50
-7
-157
183
26
49
11
-130
172
24
47
6
-98
156
21
43
12
-69
142
21
40
12
-48
135
41
38
-5
-5
123
13
18
32
39
97
-28
26
41
82
63
-44
50
6
123
23
-36
35
-12
170
-26
-31
-9
5
181
-73
-28
13
2
96
-131
87
81
-66
-22
-124
249
48
-54
-35
5
209
-154
105
26
133
-54
-167
185
118
169
-239
49
34
252
80
-198
158
-76
249
-132
34
202
-79
8
-277
370
197
-114
-63
-125
363
-183
117
-69
84
61
-295
237
-264
114
-19
176
-95
-201
213
51
32
36
-176
214
20
46
22
-148
202
6
64
-7
-112
170
17
58
2
-81
139
24
49
19
-57
123
20
44
16
-33
103
13
37
18
-8
88
11
31
15
16
82
26
27
7
47
66
8
18
34
81
45
-18
22
36
119
25
-28
27
9
150
-6
-26
17
-4
165
-65
-23
20
20
150
-114
6
43
22
57
-144
124
69
-23
-39
-111
207
-12
12
-20
10
90
-170
135
65
102
-143
-103
140
165
105
-236
77
-37
278
-10
-147
120
-96
217
-204
104
166
-81
-20
-266
403
120
-102
-49
-70
314
-241
176
-36
114
-30
-244
260
-238
115
-16
279
-148
-113
166
46
20
40
-88
166
19
45
32
-65
152
9
65
5
-39
117
18
52
9
-19
85
22
38
20
-1
72
17
32
20
16
56
11
25
18
34
39
3
21
17
58
26
-2
15
16
79
7
-8
16
18
110
-7
-19
-1
9
160
-5
-31
-43
-17
227
11
-36
-89
-63
242
-32
-19
-34
-82
235
-69
60
-5
-80
160
-81
183
-6
-72
73
-41
219
-76
-23
73
45
58
-163
84
140
93
-117
-54
85
207
62
-171
89
-46
259
-76
-90
123
-51
146
-249
149
170
-46
-48
-225
387
46
-64
-36
-28
207
-276
218
-24
96
-128
-148
231
-211
72
6
355
-201
-51
103
30
14
46
-29
99
11
42
41
-10
88
6
58
18
7
59
13
40
14
21
35
16
21
17
36
26
11
15
17
48
15
5
10
11
62
1
0
10
9
80
-12
-6
3
11
94
-27
-7
3
9
118
-38
-20
-13
4
165
-34
-41
-52
-2
257
8
-55
-123
-41
276
-24
-21
-52
-98
276
-63
72
-22
-98
222
-74
189
-35
-57
154
-17
240
-74
4
130
42
60
-115
113
161
43
-89
2
121
192
-10
-135
129
6
190
-148
-60
148
-9
55
-287
155
131
-46
-78
-192
324
-51
-44
-37
-15
87
-290
220
-41
46
-183
-42
165
-203
6
38
369
-228
-16
41
6
18
27
6
32
2
22
29
20
24
-1
26
16
33
10
5
17
8
45
-1
10
4
8
58
-6
8
-2
12
70
-9
4
-3
7
80
-18
2
0
3
92
-30
-1
-1
9
101
-42
-1
-2
9
113
-59
-20
-5
12
140
-81
-53
-11
37
196
-92
-91
-21
78
208
-118
-52
5
14
212
-137
22
-28
-12
177
-123
121
-50
15
144
-71
151
-48
99
141
-18
22
-24
160
141
-42
-78
62
120
139
-99
-101
124
26
101
-205
-26
94
-15
-30
-263
159
46
-83
-104
-138
239
-120
-11
-57
-3
-4
-229
212
-102
-16
-175
100
115
-249
-69
78
347
-191
2
-2
-9
11
-1
21
-11
-4
-2
8
34
-16
-5
-6
6
44
-21
-1
-3
1
54
-23
5
-4
4
66
-27
6
-8
13
77
-28
0
-7
12
84
-34
0
-2
6
91
-46
0
1
9
90
-61
5
8
17
87
-89
-17
10
27
85
-139
-69
15
57
109
-203
-146
22
107
105
-227
-108
4
18
116
-228
-58
-83
-5
110
-202
3
-123
18
108
-155
30
-76
65
115
-99
-11
-9
91
113
-111
-45
25
62
89
-142
-52
52
4
32
-185
18
22
-57
-62
-158
168
-41
-116
-100
-62
159
-135
24
-104
-23
-42
-63
209
-152
-41
-105
158
55
-205
7
101
97
-225
2
-15
-11
6
0
19
-25
-8
-4
10
31
-29
-11
-8
6
41
-33
-9
-7
0
52
-39
-5
-7
4
63
-45
-3
-8
12
71
-50
-5
-3
15
73
-57
-2
2
12
68
-73
-1
9
20
51
-95
5
25
33
31
-122
-14
18
37
6
-167
-61
3
33
0
-242
-162
-26
34
11
-265
-173
-73
-70
47
-257
-148
-164
-126
65
-238
-92
-207
-122
77
-213
-29
-168
-82
92
-156
4
-94
-17
83
-133
2
-56
6
51
-120
4
-16
-24
9
-95
65
-29
-73
-46
-36
156
-70
-84
-93
-16
101
-46
66
-86
4
-36
-6
122
-67
85
-26
-32
-126
-12
224
95
-204
-336
-5
-22
-10
4
2
10
-31
-9
-6
13
20
-35
-15
-4
11
29
-40
-14
-1
6
39
-49
-12
-4
7
45
-59
-10
-3
13
47
-69
-11
2
18
42
-81
-9
8
19
28
-98
-4
13
22
2
-116
2
16
25
-28
-126
0
-1
13
-66
-127
0
-25
-11
-92
-131
-36
-67
-28
-70
-108
-89
-120
-43
-24
-86
-127
-131
-72
12
-78
-105
-104
-108
44
-87
-39
-88
-89
68
-87
10
-75
-27
67
-68
25
-46
-3
45
-43
43
-16
-24
19
-15
81
-16
-32
15
45
112
-61
-25
16
91
76
-75
-19
76
171
20
-141
-99
182
311
62
-202
-252
351
459
128
-231
-255
-16
-26
-10
4
3
-5
-37
-11
-3
14
2
-42
-18
-2
12
9
-48
-20
0
7
16
-57
-16
-2
6
17
-68
-13
-3
10
14
-80
-13
1
15
4
-92
-12
4
14
-15
-101
-3
2
6
-41
-102
9
-12
-8
-64
-89
15
-37
-19
-88
-55
32
-56
-39
-104
6
63
-76
-52
-77
46
-1
-97
19
-28
59
-80
-56
26
17
48
-89
21
-38
53
13
-36
16
-59
77
-32
14
-36
-24
75
-35
37
-23
-2
62
-14
58
-7
-5
85
40
63
-56
-13
157
137
44
-148
-59
224
231
61
-166
-172
356
342
105
-181
-207
554
460
144
-168
-114
724
470
105
-13
48
-29
-28
-10
4
2
-22
-38
-8
-1
11
-19
-43
-16
-3
11
-15
-49
-19
-1
7
-15
-58
-16
3
7
-17
-68
-11
0
9
-24
-75
-8
-2
9
-36
-78
-6
-6
3
-52
-74
3
-16
-10
-67
-53
24
-30
-26
-76
-25
29
-49
-23
-78
13
32
-54
-24
-67
52
27
-46
-17
-37
79
3
-36
7
6
73
-40
-16
23
44
50
-53
22
0
74
15
-26
26
-24
85
-23
9
11
-10
102
-23
30
-31
-5
147
39
32
-100
-43
238
135
15
-179
-102
383
235
-9
-206
-141
533
325
77
-135
-192
714
387
154
-80
-83
891
335
64
-6
147
944
105
-53
264
-378
-230
-73
-36
-194
80
-443
16
-9
-82
-175
106
-415
-165
75
-156
-172
81
-441
-60
-77
-96
-131
105
-440
-106
-87
-133
-86
104
-441
-43
100
-203
-55
82
-321
-335
89
-41
-53
55
-331
-283
-188
-37
-41
79
-476
6
-75
-43
-14
33
-476
-44
-18
-38
-7
32
-362
-173
-161
-54
-6
8
-472
-40
97
-119
6
57
-397
-226
122
-161
35
56
-316
-293
-165
-79
55
78
-405
-187
77
-67
95
31
-260
-313
164
-60
162
30
-203
-109
-301
-158
41
9
-126
-22
-79
-54
-49
72
-132
-116
-43
-129
240
43
-104
-20
-37
-62
212
335
-180
-70
14
-51
159
69
-113
22
53
-109
-9
402
-111
-37
77
-61
-59
401
-122
-42
78
-114
201
154
-117
-2
96
-216
15
49
-115
21
99
-232
217
180
-146
-78
128
-159
65
23
-114
-58
151
-48
49
94
-116
-142
154
-184
75
68
-100
-60
165
-134
26
334
-104
-131
247
-120
-3
308
1024
1024
1024
1024
1024
-1
-212
-79
-349
43
41
36
-316
12
-278
-35
76
35
-258
34
-269
63
-19
62
-383
-173
-144
-27
3
7
-452
11
-114
-3
-9
34
-365
-162
-89
50
28
6
-239
-341
-83
115
-58
54
-199
30
-36
75
4
70
-235
-58
-12
83
-26
129
-285
-9
-9
58
-38
155
-204
13
30
372
-227
285
-243
-202
52
54
183
5
-248
-64
72
351
-189
311
-186
-23
90
17
102
95
-204
10
98
101
-223
337
-167
-238
149
3
-76
22
-132
-351
162
104
42
29
-150
-345
-207
82
148
53
-129
-324
-144
0
228
52
-98
-177
-50
-30
-116
47
-163
-103
145
-19
-209
48
-154
-79
-293
57
-78
63
-164
-45
-67
184
-13
103
-151
-35
-106
159
60
336
-150
-30
-147
74
-10
44
-108
-10
-117
64
-129
45
-103
-6
-178
105
117
310
-108
3
155
132
71
120
-120
18
18
0
-167
73
-139
36
155
12
-91
74
-159
43
142
35
61
121
1024
1024
1024
1024
1024
-1
-341
141
-201
25
46
61
-322
209
-89
25
38
87
-455
174
-53
43
-18
60
-481
178
-16
-19
-7
59
-275
226
9
40
12
183
-424
251
15
28
-14
85
-470
170
29
-33
-34
130
-454
212
30
-1
-20
84
-499
120
36
-47
-16
58
-426
258
37
31
-8
132
-452
219
39
-1
-25
131
-299
225
41
41
32
182
-407
231
47
-4
15
109
-462
101
63
-109
-17
83
-434
85
71
-115
-118
107
-424
161
77
-88
-26
108
-258
149
-148
36
-38
88
-214
244
-18
46
31
114
-199
213
53
31
36
208
-184
67
-3
5
45
96
-176
70
-185
16
-124
89
-174
214
21
45
23
209
-165
193
26
26
10
139
-159
58
-79
16
-20
71
-145
129
-70
-53
-28
97
-130
131
0
-102
48
122
-114
211
30
10
24
140
-110
165
47
20
40
234
-106
75
172
-60
77
147
-105
54
60
-85
118
75
-103
69
-21
-170
116
24
1024
1024
1024
1024
1024
-1
-293
70
-20
96
-46
181
-266
113
-26
160
-92
207
-248
225
24
63
6
160
-406
235
14
57
-15
86
-274
242
14
70
16
136
-292
244
7
78
-3
159
-266
253
18
56
61
113
-325
259
58
104
11
112
-315
264
21
90
14
135
-340
266
-8
88
3
158
-387
269
29
51
25
133
-349
272
26
80
24
134
-373
273
27
61
18
110
-375
281
6
82
39
157
-335
281
26
81
17
111
-404
292
43
88
54
156
-244
221
-3
54
-19
184
-241
121
-28
272
-148
233
-234
219
3
65
13
137
-219
192
26
81
-15
138
-217
209
26
55
3
161
-213
81
-5
354
-198
259
-198
202
13
50
-8
185
-181
198
22
49
11
162
-156
183
26
48
11
186
-151
225
-45
55
-30
115
-146
203
7
65
-7
210
-145
182
11
47
13
163
-129
171
23
48
7
187
-127
165
32
54
-21
164
-110
171
17
57
2
211
1024
1024
1024
1024
1024
-1
-19
-98
-132
-154
-125
378
-57
-133
-119
-145
-87
377
-16
-80
-121
-120
-196
91
-50
-118
-359
-100
-11
10
-91
-161
-79
-97
-41
376
-61
-154
-91
-54
-11
46
-56
-194
-282
-35
-82
64
-80
-159
-30
-35
-8
375
-19
-43
-16
-2
12
418
-16
-51
-19
1
9
419
-16
-61
-16
4
8
420
-44
-46
-15
4
9
445
-48
-56
-14
6
8
446
-81
-183
-352
81
1
37
-78
-60
-266
92
114
18
-47
-79
-233
203
-159
19
-41
-105
-5
-19
3
399
-40
-79
-6
-9
2
423
-28
-78
-8
-3
9
422
-20
-71
-12
2
10
421
-54
-60
-8
-2
2
447
-61
-57
-2
-14
-3
448
-43
-39
-12
2
11
444
-75
-39
-4
2
3
472
-23
-37
-8
-1
12
417
-68
-34
-7
2
6
471
-42
-34
-6
1
12
443
-65
-31
-6
4
8
470
-64
-30
-4
4
11
469
-29
-28
-10
5
2
416
-17
-26
-10
5
3
390
1024
1024
1024
1024
1024
-1
-88
-240
191
-114
-209
67
-60
-155
171
-37
-114
333
-63
-396
223
-29
-108
41
-30
-271
404
116
-98
230
-29
-254
172
48
-87
307
-55
-221
391
41
-62
256
-83
-185
331
-54
-37
282
-44
-131
10
5
-14
374
-22
-102
1
4
3
398
-40
-164
143
66
12
223
-30
-300
4
-36
15
21
-73
-133
358
-179
108
205
-97
-236
196
-213
124
42
-83
-152
341
-34
131
179
-71
-137
266
86
150
153
-69
-215
207
48
232
4
-64
-70
315
-243
175
231
-38
-100
3
-227
347
17
-49
-58
160
-103
-184
93
-77
-81
125
-98
65
224
-45
-41
154
-69
-82
359
-68
-54
13
-36
-21
425
-76
-84
32
-31
-39
400
-67
-44
4
-25
-10
449
-50
-86
224
-24
44
198
-57
-71
8
-18
-16
424
-81
-26
4
-15
-3
474
-94
-47
37
-7
188
128
-80
-36
-1
-6
-1
473
-45
-76
243
6
-5
172
-48
-71
184
124
147
127
1024
1024
1024
1024
1024
-1
-93
-10
-183
-64
-169
90
-87
162
3
-53
-115
98
-62
188
-120
-98
-54
123
-86
27
61
-57
-45
427
-71
78
51
-65
1
428
-71
58
-46
-95
38
403
-59
187
-20
-132
74
148
-69
77
-70
-165
101
50
-43
60
161
-147
113
173
-18
45
63
-176
169
199
-47
-22
211
-279
218
257
-59
5
0
-225
218
309
-44
-6
91
-289
225
283
-78
78
60
-304
226
206
-33
107
-131
-149
230
258
-49
117
-35
-251
257
232
-46
58
-188
-40
165
284
-23
76
-104
-11
-16
404
-83
5
-35
-10
119
361
-62
86
-27
-34
-125
362
-35
96
-13
-40
50
429
-19
67
-2
-15
7
454
-79
-8
6
-22
-6
475
-72
11
8
-21
-6
476
-60
26
12
-11
2
477
-71
-22
17
-30
-19
450
-46
55
17
-26
-3
453
-65
29
25
-28
-8
452
-70
4
26
-30
-14
451
-80
-25
28
-48
-35
426
-91
-17
102
-50
63
360
1024
1024
1024
1024
1024
-1
-78
196
-45
29
-55
116
-45
-26
-7
5
4
442
-98
-17
-135
207
6
77
-64
150
10
66
6
236
-64
-22
-7
6
7
468
-44
42
16
-4
7
478
-38
117
18
52
10
237
-74
151
2
16
13
165
-33
102
14
38
18
214
-48
68
-140
151
19
51
-16
54
6
-4
20
479
-51
129
-142
48
23
25
-18
129
-39
10
25
166
-28
97
12
42
42
261
-72
71
-106
0
134
76
-76
64
-60
143
176
102
-98
155
22
44
13
188
-86
165
20
46
33
235
-79
139
23
49
19
212
-78
-7
211
115
38
146
-72
95
79
160
209
101
-69
141
21
40
14
189
-64
136
176
147
84
100
-61
225
31
41
29
141
-57
122
19
45
15
213
-48
101
31
15
46
260
-48
135
41
38
-5
190
-25
210
109
18
-69
99
-25
64
118
99
15
119
-18
84
22
38
21
238
1024
1024
1024
1024
1024
-1
1024
1024
1024
1024
1024
-1
46
-255
-156
-181
-122
352
61
-252
-66
-181
-115
353
14
-106
-71
-136
-121
379
24
-272
-173
-105
-63
351
16
-298
-213
-81
-95
65
-6
-301
-80
-69
-192
66
-1
-258
-156
-25
15
350
7
-118
-15
4
37
373
12
-206
-107
6
66
349
1
-94
-12
6
15
397
44
-301
-317
25
43
38
20
-134
-15
25
10
348
76
-109
-28
29
23
322
33
-230
-67
33
-19
20
76
-436
-82
39
-28
40
-12
-272
-24
219
-15
28
-4
-68
-11
-125
-255
92
52
-91
-19
-96
-60
380
15
-58
-16
-1
6
394
30
-39
-14
-1
6
367
10
-49
-20
0
7
393
39
-48
-11
-3
7
368
31
-28
-11
-8
7
340
20
-34
-15
-5
11
366
16
-70
-13
-1
12
395
2
-42
-19
-2
13
392
45
-59
-10
-2
14
369
-6
-37
-11
-4
14
391
12
-82
-13
3
16
396
47
-71
-12
4
18
370
61
-93
-12
5
42
347
1024
1024
1024
1024
1024
-1
10
-257
373
-215
114
16
69
-79
9
-64
-6
381
57
-80
178
-37
-83
249
13
-105
67
-32
-67
358
48
-120
-1
-7
-31
357
40
-201
28
6
-47
332
41
-84
-9
10
20
371
62
-75
8
15
17
346
21
-100
3
17
20
372
53
-104
142
81
-60
171
14
-148
150
111
-35
197
50
-289
169
121
-54
281
60
-189
244
154
41
3
4
-291
361
190
-105
204
42
-120
254
273
7
152
29
-212
315
281
-35
178
64
-59
17
-26
-10
382
73
-58
-3
2
12
345
71
-49
-5
-3
15
344
64
-44
-4
-8
12
343
43
-42
40
-9
-34
383
53
-38
-5
-8
3
342
42
-32
-9
-7
0
341
10
-31
-9
-7
13
365
77
-28
0
-8
12
318
67
-27
5
-8
12
317
73
-26
34
-7
-4
408
19
-26
-7
-5
10
339
21
-25
82
-24
-32
384
54
-24
4
-3
3
316
-5
-22
-9
3
1
364
1024
1024
1024
1024
1024
-1
135
-143
-333
-55
-93
11
123
-414
-218
9
63
39
116
-209
-129
86
165
27
101
-164
-107
28
111
323
91
-199
-91
38
75
324
104
-202
-56
-31
48
325
102
-193
-52
-94
56
326
90
-154
-49
43
-7
331
84
-189
-13
-135
-56
354
78
-125
-10
-38
-2
356
114
-238
-1
52
-4
306
93
-153
5
-95
4
355
99
-173
20
-49
68
327
78
-139
51
60
25
222
140
-268
164
150
-49
255
125
-425
352
68
-113
15
111
-117
-54
38
33
330
111
-104
3
-9
82
328
121
-102
-23
1
88
329
125
-102
-13
60
48
221
128
-97
12
51
-15
196
107
-72
-28
11
18
296
101
-57
-8
-11
21
321
85
-48
7
7
6
320
122
-36
-27
-17
0
270
108
-36
-9
-15
10
295
85
-35
-2
-3
6
319
87
-32
3
5
8
294
78
-32
17
-39
-9
407
85
-29
14
0
0
433
130
-27
-23
52
12
220
1024
1024
1024
1024
1024
-1
140
-168
-30
-42
195
26
151
-111
-90
118
2
305
169
-81
62
151
-103
2
207
-82
22
-21
-26
299
210
-198
-22
98
14
280
215
-247
126
136
-63
229
262
-188
67
164
-41
203
288
-132
-41
88
-11
254
315
-214
-281
-68
-50
12
326
-80
-78
75
-55
228
354
-385
10
61
-77
14
422
-322
-147
-22
-16
13
1070
-267
-29
248
48
467
1113
-456
92
-11
-102
493
1153
-156
-71
106
44
491
1202
-304
-34
23
-6
492
253
-26
47
-50
-136
273
237
-39
127
-69
-88
274
158
-79
92
-39
-70
248
188
-72
16
-11
-61
247
184
-33
-22
-17
-51
246
209
-31
-123
137
-28
279
146
-59
6
43
-20
170
261
-40
50
216
-2
177
191
-75
-47
-21
7
298
158
-37
-34
7
12
195
198
-76
83
-53
15
300
174
-61
-68
-46
56
297
156
-38
202
-8
66
301
144
-38
-103
128
70
304
248
-27
7
-88
82
0
1024
1024
1024
1024
1024
-1
-8
225
97
-200
-336
363
57
211
-83
-8
-143
124
80
173
19
-143
-101
387
136
150
34
68
-94
125
20
43
-69
24
-69
405
25
148
63
27
-58
118
4
160
5
3
-48
117
147
46
34
-94
-44
435
59
-7
-15
-18
-43
406
43
249
-137
-21
-36
149
94
55
-60
29
-29
168
15
42
112
-65
-27
385
26
5
131
-148
-25
250
20
93
76
-82
-21
386
133
1
5
-54
-20
459
77
10
-14
18
-20
432
86
37
64
-63
-15
410
101
-19
31
-23
-2
434
113
-4
-22
-8
3
244
105
2
-8
-6
-4
483
43
-21
-2
-4
1
315
153
-4
-38
-1
-8
169
61
-9
58
0
-11
409
2
-17
-10
5
-1
338
92
-15
-3
6
1
458
2
-4
-9
11
-1
312
71
7
-17
25
1
457
122
24
-38
35
-9
194
38
97
-62
36
-9
167
48
60
-48
55
-18
431
28
-16
199
210
-10
126
1024
1024
1024
1024
1024
-1
187
311
61
-198
-252
388
209
48
-209
81
-110
227
229
232
58
-168
-172
412
240
138
16
-181
-102
436
244
0
-28
-88
-103
272
276
112
-15
-175
-123
485
329
164
-5
-200
-148
461
356
458
131
-226
-255
389
361
342
103
-179
-208
413
385
239
-8
-204
-139
437
421
196
-11
-205
-167
486
494
248
4
-191
-158
462
538
327
74
-131
-186
438
558
458
145
-164
-115
414
603
262
8
-162
-144
487
693
295
13
-122
-97
463
168
118
-225
100
-40
201
233
22
-153
91
-88
253
255
142
-123
134
-21
176
313
9
-120
120
-49
202
176
219
-91
74
-95
150
212
9
-47
-115
-31
271
171
5
-31
-57
-28
245
173
38
-11
-91
-53
484
212
70
1
-142
-81
460
793
270
24
-73
-55
488
158
138
42
-151
-62
411
218
77
47
156
-29
151
859
281
63
-8
-29
464
718
386
152
-74
-82
439
160
-10
253
-47
-71
275
1024
1024
1024
1024
1024
-1
-4
37
-53
-171
138
225
9
90
-63
25
30
430
16
193
-46
-114
114
174
48
38
-32
13
7
456
56
133
-166
-70
112
200
78
62
-43
53
10
193
92
83
-34
-145
86
251
98
94
-217
-27
36
226
118
224
-163
58
16
175
139
5
-34
36
187
303
159
93
-161
12
11
252
170
47
-127
87
61
278
278
-18
-54
-27
29
1
947
102
-51
261
233
441
1074
20
-68
102
95
490
1105
-13
-68
115
148
466
137
77
-19
-69
151
277
99
-22
-10
-8
5
269
33
-17
-4
-7
6
314
21
-13
-3
-2
8
313
12
58
-23
2
11
455
12
50
-12
9
23
480
76
-14
-4
9
12
268
81
9
-10
10
14
243
82
46
-17
17
33
218
55
24
-2
18
17
242
120
26
-27
24
7
219
41
35
-18
25
13
481
954
183
-18
26
56
489
37
96
-26
27
43
192
69
12
-15
27
12
482
1024
1024
1024
1024
1024
-1
-14
39
6
19
27
286
-6
122
14
19
31
191
33
8
4
14
8
289
35
26
11
14
15
265
35
39
4
18
17
241
45
-2
10
4
7
290
46
66
7
17
32
217
48
15
6
9
10
266
58
-6
8
-2
10
291
63
2
0
7
10
267
70
-9
5
-5
7
292
80
-17
2
-1
5
293
115
63
160
-115
28
276
134
18
96
-16
158
302
728
467
108
-13
49
415
893
331
64
-2
146
440
-10
85
7
59
18
262
-7
86
11
30
16
215
-1
70
17
33
18
239
1
221
18
68
62
142
7
30
3
22
28
287
7
58
12
39
16
263
14
80
25
26
7
216
15
54
12
25
17
240
15
33
121
202
37
145
21
34
15
20
17
264
21
23
0
24
15
288
75
187
15
91
95
143
83
128
28
166
75
144
999
164
10
67
107
465
1024
1024
1024
1024
1024
-1
1024
1024
1024
1024
1024
-1