0
-16
0
-98
0
80
1
43
0
-59
2
-4
0
168
3
-36
3
46
2
10
0
-41
1
-39
1
-9
2
-13
0
278
0
-260
0
-167
0
-275
0
-248
0
-72
0
-73
0
-48
0
-23
0
24
0
37
0
53
0
21
0
121
0
108
0
212
0
693
4
-41
0
-116
2
-36
0
-139
2
30
0
-159
1
259
0
-181
1
-17
0
-64
4
33
0
-68
2
-8
0
-44
2
4
0
-18
3
-1
0
47
1
-17
0
56
3
6
0
67
3
22
0
46
1
-102
0
139
1
-32
0
136
1
-33
0
244
1
196
0
999
1024
1024
251
-26
-1
-88
79
279
-18
-55
-22
18
165
-86
72
153
-111
60
-190
249
143
50
-72
-213
201
45
235
-245
-199
45
58
177
-364
-161
-92
50
24
-378
-176
-143
-29
6
-356
-172
-163
-57
-9
-193
-107
-305
-162
40
-43
-118
-354
-97
-18
146
-142
-331
-57
-92
324
-215
-277
-67
-47
428
-324
-145
-20
-17
354
-383
18
61
-85
125
-436
347
71
-96
-26
-263
415
-191
81
-67
-76
49
-256
348
-79
-20
-298
51
188
-50
-64
-298
245
-141
37
-230
-104
103
-65
-18
-339
19
-41
-2
-163
-273
166
-41
-79
-147
-83
124
-190
55
-105
64
-26
-173
111
-47
128
-147
51
21
147
-160
-32
-44
194
121
-203
-126
93
158
-10
-268
-11
224
-22
-128
-347
170
98
51
-260
-306
163
-60
166
-406
-182
73
-61
91
-474
-43
-22
-35
-9
-474
2
-75
-43
-13
-447
10
-117
-6
-10
-309
10
-282
-37
78
-207
-83
-346
48
39
-74
-187
-352
81
6
49
-307
-315
26
47
126
-418
-218
9
62
76
-436
-75
38
-32
-70
-411
221
-20
-96
-120
-230
231
-215
90
-147
-99
-28
-156
252
-154
-26
-199
66
44
-117
-22
-159
102
-155
-63
-165
-91
-33
-60
-102
-208
-34
-77
-124
-168
-116
152
-57
-205
-118
11
87
-217
16
-71
81
-74
-154
96
-46
67
-142
155
20
-124
-324
-147
4
233
-147
-347
-205
91
147
-239
-342
-73
117
-60
-320
-336
93
-47
-42
-398
-222
121
-160
40
-472
-35
95
-113
6
-498
122
35
-44
-14
-480
176
-16
-18
-5
-451
173
-58
44
-15
-336
136
-208
27
48
-255
27
-270
67
-21
-149
-86
-295
55
-76
-53
-201
-281
-38
-81
18
-302
-213
-83
-96
-5
-302
-77
-70
-194
-92
-241
201
-118
-219
-124
-121
185
-197
54
-188
-55
20
-56
185
-206
33
-63
89
31
-169
66
-82
40
-48
-135
-15
-66
-57
-61
-132
17
22
-28
-156
-144
47
154
16
-78
-104
73
52
-65
126
-73
76
-107
10
129
-97
-18
-136
210
5
-313
-297
-169
-73
60
-330
-288
-187
-31
-42
-378
-233
-67
-37
-194
-414
-168
76
-161
-165
-442
-43
97
-202
-53
-462
102
61
-105
-19
-453
211
29
-1
-21
-424
248
16
26
-14
-403
233
10
56
-12
-319
204
-96
25
36
-256
143
-149
37
-45
-173
65
-186
11
-126
-90
-15
-182
-71
-171
-15
-84
-121
-120
-197
2
-66
-12
-133
-258
-31
-34
168
-137
-214
-92
-28
160
-65
28
-187
-23
106
55
111
-195
58
27
41
69
-157
128
-63
-54
4
-114
157
-21
-66
-111
-50
209
83
16
-89
-73
132
171
157
86
-73
90
77
160
219
-79
63
-63
140
171
-167
-47
-69
183
-17
-439
-112
-92
-131
-88
-441
-66
-78
-96
-136
-443
11
-6
-87
-178
-434
81
70
-121
-117
-424
159
75
-89
-27
-407
230
47
-3
12
-373
272
28
60
18
-336
279
27
80
17
-324
258
55
103
12
-266
251
15
55
59
-213
241
-20
44
26
-150
222
-47
51
-33
-75
194
-45
25
-57
4
156
5
5
-48
41
160
57
2
-66
16
107
118
54
-12
-77
17
153
155
70
-173
7
180
124
74
-157
93
54
-66
98
-101
171
-122
-131
6
0
206
-138
-38
-152
99
159
-7
72
-132
18
-20
196
219
-14
-48
-75
183
118
155
-97
-45
32
-11
183
-239
-58
-14
85
-32
-471
166
27
-36
-39
-453
216
40
-5
-30
-426
256
37
26
-9
-388
268
29
49
24
-350
271
25
80
22
-316
263
20
90
13
-275
241
14
69
16
-235
219
4
65
13
-220
192
27
80
-14
-166
195
27
26
10
-114
213
31
11
24
-61
228
31
42
30
2
222
17
70
64
76
188
16
93
94
114
155
19
127
67
63
55
92
194
51
-53
-28
206
183
41
-136
13
240
24
68
-103
139
47
-150
128
-21
236
-156
-90
16
116
247
-154
58
-120
182
106
3
170
-78
33
-116
257
278
-4
-70
-134
267
76
155
-120
-35
71
-118
200
-287
-7
-10
69
-46
-406
295
46
87
53
-377
285
8
82
41
-342
270
-7
90
7
-293
248
7
82
0
-249
227
23
67
6
-218
210
26
56
4
-182
198
21
49
11
-146
181
11
46
11
-127
165
32
52
-22
-74
151
1
15
14
-17
130
-39
10
25
39
96
-63
38
-8
94
51
-60
32
-27
154
-4
-35
-4
-11
180
-40
-19
12
-4
107
-105
84
85
-39
-28
-118
246
76
-49
-84
-7
257
-99
69
-34
154
32
-188
165
57
241
-186
-18
58
196
193
-193
141
-56
232
-1
10
235
-55
26
-205
324
280
-47
-78
-144
344
-47
136
-109
30
93
-230
222
-293
72
-18
112
-54
-301
225
39
42
33
-276
225
8
40
11
-245
220
-3
53
-20
-199
201
14
50
-7
-157
183
26
49
11
-130
172
24
47
6
-98
156
21
43
12
-69
142
21
40
12
-48
135
41
38
-5
-5
123
13
18
32
39
97
-28
26
41
82
63
-44
50
6
123
23
-36
35
-12
170
-26
-31
-9
5
181
-73
-28
13
2
96
-131
87
81
-66
-22
-124
249
48
-54
-35
5
209
-154
105
26
133
-54
-167
185
118
169
-239
49
34
252
80
-198
158
-76
249
-132
34
202
-79
8
-277
370
197
-114
-63
-125
363
-183
117
-69
84
61
-295
237
-264
114
-19
176
-95
-201
213
51
32
36
-176
214
20
46
22
-148
202
6
64
-7
-112
170
17
58
2
-81
139
24
49
19
-57
123
20
44
16
-33
103
13
37
18
-8
88
11
31
15
16
82
26
27
7
47
66
8
18
34
81
45
-18
22
36
119
25
-28
27
9
150
-6
-26
17
-4
165
-65
-23
20
20
150
-114
6
43
22
57
-144
124
69
-23
-39
-111
207
-12
12
-20
10
90
-170
135
65
102
-143
-103
140
165
105
-236
77
-37
278
-10
-147
120
-96
217
-204
104
166
-81
-20
-266
403
120
-102
-49
-70
314
-241
176
-36
114
-30
-244
260
-238
115
-16
279
-148
-113
166
46
20
40
-88
166
19
45
32
-65
152
9
65
5
-39
117
18
52
9
-19
85
22
38
20
-1
72
17
32
20
16
56
11
25
18
34
39
3
21
17
58
26
-2
15
16
79
7
-8
16
18
110
-7
-19
-1
9
160
-5
-31
-43
-17
227
11
-36
-89
-63
242
-32
-19
-34
-82
235
-69
60
-5
-80
160
-81
183
-6
-72
73
-41
219
-76
-23
73
45
58
-163
84
140
93
-117
-54
85
207
62
-171
89
-46
259
-76
-90
123
-51
146
-249
149
170
-46
-48
-225
387
46
-64
-36
-28
207
-276
218
-24
96
-128
-148
231
-211
72
6
355
-201
-51
103
30
14
46
-29
99
11
42
41
-10
88
6
58
18
7
59
13
40
14
21
35
16
21
17
36
26
11
15
17
48
15
5
10
11
62
1
0
10
9
80
-12
-6
3
11
94
-27
-7
3
9
118
-38
-20
-13
4
165
-34
-41
-52
-2
257
8
-55
-123
-41
276
-24
-21
-52
-98
276
-63
72
-22
-98
222
-74
189
-35
-57
154
-17
240
-74
4
130
42
60
-115
113
161
43
-89
2
121
192
-10
-135
129
6
190
-148
-60
148
-9
55
-287
155
131
-46
-78
-192
324
-51
-44
-37
-15
87
-290
220
-41
46
-183
-42
165
-203
6
38
369
-228
-16
41
6
18
27
6
32
2
22
29
20
24
-1
26
16
33
10
5
17
8
45
-1
10
4
8
58
-6
8
-2
12
70
-9
4
-3
7
80
-18
2
0
3
92
-30
-1
-1
9
101
-42
-1
-2
9
113
-59
-20
-5
12
140
-81
-53
-11
37
196
-92
-91
-21
78
208
-118
-52
5
14
212
-137
22
-28
-12
177
-123
121
-50
15
144
-71
151
-48
99
141
-18
22
-24
160
141
-42
-78
62
120
139
-99
-101
124
26
101
-205
-26
94
-15
-30
-263
159
46
-83
-104
-138
239
-120
-11
-57
-3
-4
-229
212
-102
-16
-175
100
115
-249
-69
78
347
-191
2
-2
-9
11
-1
21
-11
-4
-2
8
34
-16
-5
-6
6
44
-21
-1
-3
1
54
-23
5
-4
4
66
-27
6
-8
13
77
-28
0
-7
12
84
-34
0
-2
6
91
-46
0
1
9
90
-61
5
8
17
87
-89
-17
10
27
85
-139
-69
15
57
109
-203
-146
22
107
105
-227
-108
4
18
116
-228
-58
-83
-5
110
-202
3
-123
18
108
-155
30
-76
65
115
-99
-11
-9
91
113
-111
-45
25
62
89
-142
-52
52
4
32
-185
18
22
-57
-62
-158
168
-41
-116
-100
-62
159
-135
24
-104
-23
-42
-63
209
-152
-41
-105
158
55
-205
7
101
97
-225
2
-15
-11
6
0
19
-25
-8
-4
10
31
-29
-11
-8
6
41
-33
-9
-7
0
52
-39
-5
-7
4
63
-45
-3
-8
12
71
-50
-5
-3
15
73
-57
-2
2
12
68
-73
-1
9
20
51
-95
5
25
33
31
-122
-14
18
37
6
-167
-61
3
33
0
-242
-162
-26
34
11
-265
-173
-73
-70
47
-257
-148
-164
-126
65
-238
-92
-207
-122
77
-213
-29
-168
-82
92
-156
4
-94
-17
83
-133
2
-56
6
51
-120
4
-16
-24
9
-95
65
-29
-73
-46
-36
156
-70
-84
-93
-16
101
-46
66
-86
4
-36
-6
122
-67
85
-26
-32
-126
-12
224
95
-204
-336
-5
-22
-10
4
2
10
-31
-9
-6
13
20
-35
-15
-4
11
29
-40
-14
-1
6
39
-49
-12
-4
7
45
-59
-10
-3
13
47
-69
-11
2
18
42
-81
-9
8
19
28
-98
-4
13
22
2
-116
2
16
25
-28
-126
0
-1
13
-66
-127
0
-25
-11
-92
-131
-36
-67
-28
-70
-108
-89
-120
-43
-24
-86
-127
-131
-72
12
-78
-105
-104
-108
44
-87
-39
-88
-89
68
-87
10
-75
-27
67
-68
25
-46
-3
45
-43
43
-16
-24
19
-15
81
-16
-32
15
45
112
-61
-25
16
91
76
-75
-19
76
171
20
-141
-99
182
311
62
-202
-252
351
459
128
-231
-255
-16
-26
-10
4
3
-5
-37
-11
-3
14
2
-42
-18
-2
12
9
-48
-20
0
7
16
-57
-16
-2
6
17
-68
-13
-3
10
14
-80
-13
1
15
4
-92
-12
4
14
-15
-101
-3
2
6
-41
-102
9
-12
-8
-64
-89
15
-37
-19
-88
-55
32
-56
-39
-104
6
63
-76
-52
-77
46
-1
-97
19
-28
59
-80
-56
26
17
48
-89
21
-38
53
13
-36
16
-59
77
-32
14
-36
-24
75
-35
37
-23
-2
62
-14
58
-7
-5
85
40
63
-56
-13
157
137
44
-148
-59
224
231
61
-166
-172
356
342
105
-181
-207
554
460
144
-168
-114
724
470
105
-13
48
-29
-28
-10
4
2
-22
-38
-8
-1
11
-19
-43
-16
-3
11
-15
-49
-19
-1
7
-15
-58
-16
3
7
-17
-68
-11
0
9
-24
-75
-8
-2
9
-36
-78
-6
-6
3
-52
-74
3
-16
-10
-67
-53
24
-30
-26
-76
-25
29
-49
-23
-78
13
32
-54
-24
-67
52
27
-46
-17
-37
79
3
-36
7
6
73
-40
-16
23
44
50
-53
22
0
74
15
-26
26
-24
85
-23
9
11
-10
102
-23
30
-31
-5
147
39
32
-100
-43
238
135
15
-179
-102
383
235
-9
-206
-141
533
325
77
-135
-192
714
387
154
-80
-83
891
335
64
-6
147
944
105
-53
264
