47
57
54
44
57
47
46
54
44
42
37
46
37
21
41
23
21
23
5
1
5
2
1
23
4
1
0
5
4
1
0
5
1
4
0
2
2
16
4
6
16
2
17
40
40
45
16
32
45
40
44
47
45
44
40
57
45
44
41
33
41
37
20
44
36
21
20
22
22
25
3
2
17
7
26
4
17
6
28
7
33
40
41
32
21
36
33
41
5
20
0
3
3
22
27
2
11
24
56
25
29
26
56
51
44
47
57
54
40
47
57
46
33
37
44
42
6
21
37
41
1
5
21
3
1
5
2
23
1
4
0
5
1
4
0
5
4
1
0
2
4
2
1
6
4
17
2
16
17
16
32
40
33
40
45
44
40
45
44
57
33
41
44
45
20
37
41
44
21
3
36
22
2
25
22
3
7
17
4
26
7
17
6
28
33
32
17
41
21
36
33
2
20
5
3
0
3
2
22
27
24
11
56
25
29
56
51
26
6
44
57
47
6
40
47
57
4
33
37
42
0
6
21
37
1
3
5
21
1
5
2
23
9
1
4
0
8
1
4
0
8
4
1
0
8
4
1
6
4
17
2
16
6
17
16
32
16
33
40
44
32
40
45
44
32
33
41
44
20
41
37
44
3
22
21
36
2
3
22
25
4
7
26
17
10
7
28
6
2
17
33
32
7
2
36
21
3
11
5
20
11
27
2
3
29
56
24
11
28
29
51
56
1
6
44
47
4
6
40
47
0
4
33
37
0
6
21
37
0
1
5
3
9
1
5
2
8
9
1
4
8
1
4
0
12
8
4
1
8
4
1
6
10
4
2
17
10
6
16
17
24
16
33
40
32
34
40
44
34
32
41
33
22
20
37
41
3
22
36
21
5
3
2
22
10
4
7
26
11
10
28
7
11
2
17
32
31
7
2
36
30
11
5
3
30
11
2
27
29
56
11
24
6
28
29
51
0
1
6
47
0
4
6
40
0
4
33
37
9
0
6
21
9
1
0
5
9
1
5
2
13
9
8
4
13
8
4
1
12
8
4
1
12
8
4
6
10
4
2
17
15
10
17
6
28
24
33
16
48
34
32
44
48
34
33
41
51
22
37
41
30
21
3
22
5
3
2
22
11
10
7
26
11
28
10
7
48
11
2
17
48
31
7
36
51
30
3
5
23
30
27
11
23
11
29
24
5
6
28
51
8
1
0
6
9
4
0
6
9
4
0
33
13
9
0
6
13
9
5
1
13
9
5
1
12
8
9
13
14
8
13
4
14
12
8
4
10
12
8
4
11
10
4
2
15
31
10
17
62
28
24
33
63
48
34
32
63
48
34
33
63
51
37
41
30
23
21
3
7
3
5
22
11
26
10
7
24
28
11
10
48
11
17
2
55
48
31
36
37
51
30
3
21
23
30
27
2
23
11
24
5
6
28
51
13
8
1
0
13
9
4
0
13
9
4
0
12
13
9
6
12
9
13
5
14
9
13
5
14
12
8
9
15
14
8
4
15
14
12
8
29
10
4
12
29
11
10
2
51
31
17
15
49
62
28
33
54
34
48
63
46
33
34
48
37
42
41
51
23
21
20
30
3
22
7
5
25
11
26
10
56
24
28
11
54
48
17
11
55
48
36
31
37
51
30
3
21
23
30
27
3
2
11
24
12
5
6
28
9
8
13
1
8
9
13
4
14
9
13
4
14
12
9
13
15
12
9
13
15
14
9
13
30
14
12
8
30
15
14
4
31
15
14
12
60
29
10
4
59
29
11
10
56
51
31
17
51
49
62
33
47
54
34
48
47
46
33
34
37
41
42
51
23
21
20
30
25
3
22
7
56
25
11
26
57
56
24
28
54
48
17
11
44
55
36
48
37
51
30
3
21
23
27
30
25
3
11
24
12
5
6
28
10
8
9
13
15
8
9
13
15
14
9
13
15
14
12
9
30
15
12
9
31
15
14
9
29
30
14
12
62
30
15
14
31
63
15
14
60
29
10
4
59
29
11
10
59
51
56
17
51
49
33
62
47
54
34
48
46
33
47
44
37
41
42
51
23
21
20
30
25
3
22
7
56
25
26
11
54
57
56
24
54
48
17
11
44
36
55
48
20
37
3
51
22
21
23
27
25
11
3
24
14
12
5
6
11
10
8
9
30
15
8
9
28
15
14
9
31
15
14
12
31
30
15
12
62
31
15
14
63
29
30
14
63
62
30
15
61
63
31
15
59
60
29
10
58
59
29
11
54
59
51
56
54
49
51
33
46
54
47
48
46
44
47
33
37
44
42
41
23
38
20
21
25
61
3
22
56
57
26
25
54
57
56
24
46
54
48
17
44
36
55
48
20
37
3
51
22
21
27
23
25
24
11
3
14
5
12
6
31
11
10
8
29
30
15
8
62
28
15
14
62
31
15
14
63
31
30
15
60
62
31
15
61
63
29
30
61
63
62
30
58
61
63
31
43
59
60
29
43
58
59
29
54
47
51
59
54
49
51
33
46
54
47
48
46
44
47
33
46
44
37
42
61
23
38
20
61
25
22
3
57
56
26
25
57
54
56
24
44
46
54
17
37
44
36
55
20
3
37
51
25
22
21
27
26
25
24
11
5
14
12
6
60
31
11
10
62
29
30
15
63
62
28
15
60
62
31
15
60
63
31
30
61
60
62
31
61
63
29
30
61
63
62
30
43
58
61
63
43
60
59
29
42
43
58
59
47
51
44
59
44
33
54
51
47
44
46
54
44
46
47
33
46
44
42
37
47
61
38
23
61
25
22
3
47
57
56
26
42
57
56
54
41
44
46
17
20
37
36
44
3
20
37
51
25
22
27
21
7
26
24
11
5
14
6
12
51
60
31
10
58
62
29
30
58
63
62
28
50
60
62
31
39
60
63
31
39
61
60
62
43
61
63
29
43
61
63
62
43
58
61
63
42
43
60
59
42
43
58
59
40
47
44
51
40
33
44
51
40
44
47
46
40
33
47
44
41
42
44
37
41
38
47
61
42
61
22
25
42
47
56
57
40
42
56
54
41
37
17
46
20
36
37
44
3
20
37
51
2
25
27
22
6
7
26
11
5
6
12
14
51
60
31
10
39
58
62
29
34
58
63
62
38
50
60
62
38
39
60
63
38
39
61
60
38
43
61
63
38
43
61
63
38
43
61
58
37
42
43
60
33
42
43
58
32
40
51
44
32
33
40
44
32
40
44
47
32
40
33
47
32
41
42
37
41
38
47
61
41
42
61
22
41
42
47
56
36
42
40
56
36
37
17
41
22
36
20
37
27
3
51
20
29
2
27
22
26
7
11
6
48
6
5
14
50
51
60
31
39
58
62
29
34
35
58
63
34
38
50
60
34
38
39
60
38
39
61
60
35
38
43
61
36
38
43
61
36
38
58
43
37
42
43
60
21
33
58
42
21
32
51
40
16
33
32
40
16
32
40
47
16
32
33
40
32
34
41
42
34
41
38
61
36
41
42
61
38
42
41
47
38
42
36
56
49
36
17
37
49
22
36
37
50
27
51
3
48
27
29
2
52
26
11
7
52
48
14
5
39
50
51
60
35
39
58
62
35
34
58
63
34
38
50
60
34
38
39
60
34
38
39
60
35
38
43
61
35
36
38
43
36
38
58
43
23
37
60
42
22
21
33
58
22
21
51
32
2
33
16
32
24
32
16
47
24
33
32
16
49
34
42
32
48
61
38
34
43
61
42
36
38
42
41
47
50
38
42
36
50
49
36
17
55
49
36
22
52
50
51
27
53
48
29
27
53
52
26
11
61
52
48
14
19
39
50
51
19
35
39
58
17
35
34
58
34
38
50
60
34
39
38
60
18
34
38
39
18
35
38
61
18
35
38
36
23
38
58
36
22
23
37
60
27
22
21
58
24
22
51
21
27
2
33
32
26
24
32
47
56
24
33
32
51
49
34
42
49
61
38
34
43
61
42
36
43
38
42
47
49
50
36
38
52
49
50
36
53
55
49
36
53
52
50
51
55
53
48
29
61
53
52
26
57
61
52
48
28
19
39
50
19
35
39
58
19
17
35
34
17
34
50
38
18
39
34
38
18
39
34
38
18
23
35
38
18
23
35
38
22
23
38
58
27
23
22
60
27
22
58
21
27
24
51
22
28
27
2
33
58
26
24
32
56
33
24
32
51
49
34
42
51
61
49
38
50
43
61
42
55
47
43
42
52
49
50
36
53
52
49
50
53
55
49
36
55
53
52
50
63
55
53
48
57
61
53
52
45
57
61
52
