47
57
44
37
21
5
4
4
1
2
16
44
45
45
45
41
21
22
29
17
33
21
3
3
11
29
44
40
33
6
3
1
5
1
4
1
4
17
33
40
33
20
3
2
7
7
17
2
3
3
24
29
6
6
4
0
1
1
9
8
8
8
4
6
16
32
32
20
3
2
4
10
2
7
11
11
29
28
1
4
0
0
0
9
8
8
12
8
10
10
24
34
34
22
22
5
10
11
11
31
30
30
29
6
0
0
0
9
9
9
13
13
12
12
10
15
28
48
48
51
30
5
11
11
48
48
51
23
23
5
8
9
9
13
13
13
12
14
14
10
11
31
62
63
63
63
23
7
11
24
48
55
37
21
2
5
13
13
13
12
12
14
14
15
15
29
29
51
49
54
46
42
20
24
25
56
54
55
37
21
3
12
9
8
14
14
15
15
30
30
31
60
59
56
51
47
47
41
20
25
56
57
54
44
37
21
25
12
10
15
15
15
30
31
29
62
63
60
59
59
51
47
44
37
21
25
56
54
54
44
20
22
25
14
11
30
28
31
31
62
63
63
61
59
58
54
54
46
46
44
38
61
57
54
46
44
20
22
25
14
31
29
62
62
63
60
61
61
58
43
43
47
54
46
46
46
61
61
57
57
44
37
20
25
26
5
60
62
63
60
60
61
61
61
43
43
42
44
44
44
44
44
47
61
47
42
41
20
3
25
7
5
51
58
58
50
39
39
43
43
43
42
42
40
40
40
40
41
41
42
42
40
37
20
3
2
6
5
51
39
34
38
38
38
38
38
38
37
33
32
32
32
32
32
41
41
41
36
36
22
27
29
26
48
50
39
35
34
34
38
35
36
36
37
21
21
16
16
16
34
34
36
38
38
49
49
50
48
52
52
39
35
35
34
34
34
35
35
36
23
22
22
2
24
24
49
48
43
38
50
50
55
52
53
53
61
19
19
17
34
34
18
18
18
23
22
27
24
27
26
56
51
49
43
43
49
52
53
53
55
61
57
28
19
19
17
18
18
23
23
22
27
27
27
28
58
56
51
51
50
55
52
53
53
55
63
57
45
28
19
19
19
19
23
23
26
27
27
28
29
58
59
59
50
55
52
53
53
55
59
57
45
45
45
