-461
-88
-41
2
-10
240
-465
-24
-41
8
52
213
-508
-18
-39
-17
15
214
-478
-17
-118
7
-12
194
-485
-11
-39
50
43
152
-448
-9
-30
0
42
57
-478
9
-89
-6
-28
99
-500
12
-64
-28
-2
100
-436
18
-32
31
55
56
-473
20
-20
23
-38
141
-484
26
-117
-41
-31
125
-520
30
-91
-5
-68
142
-532
37
-103
30
-64
168
-521
41
-60
4
1
126
-476
43
-85
-28
-42
73
-433
43
-18
-13
-50
112
-428
-54
-27
5
-9
83
-427
24
-19
-25
-62
111
-426
-15
-77
-18
41
212
-423
-40
-19
24
7
82
-422
8
-16
-34
-23
71
-422
-17
-138
-22
55
151
-422
-89
-31
4
14
239
-421
-10
-20
-54
1
193
-419
3
-16
-34
-72
110
-417
-12
-50
-54
-19
98
-416
-19
-33
-17
-79
109
-411
-21
-24
20
19
81
-402
-23
-15
-15
20
70
-397
-9
-58
-24
12
211
-394
-101
-115
-34
29
220
1023
1023
1023
1023
1023
-1
-446
40
70
63
-65
130
-437
36
45
78
-44
104
-452
27
25
0
-39
192
-439
27
78
-23
-26
182
-455
40
-11
13
-12
140
-441
-2
22
-50
-12
59
-433
32
-14
-49
-12
72
-446
39
100
39
8
103
-436
-102
-2
-14
22
241
-445
-19
9
-29
27
58
-505
45
19
-80
36
101
-494
-43
19
6
41
153
-457
19
64
77
58
191
-485
13
89
28
70
128
-486
-58
7
-6
79
215
-488
45
53
45
96
190
-429
-108
96
54
142
216
-426
34
32
-56
-47
60
-423
-50
4
-37
-24
84
-423
41
-11
-5
7
44
-422
-30
6
-52
-45
85
-418
8
9
-49
-53
86
-413
29
95
-81
103
169
-411
28
2
24
-18
79
-411
8
9
41
-43
105
-410
-27
-13
-14
-73
108
-410
40
4
-37
-23
87
-406
27
26
26
-77
131
-406
-102
120
34
110
154
-404
20
95
-95
110
143
-399
-29
-15
-1
-42
107
1023
1023
1023
1023
1023
-1
-497
80
-76
-48
-57
116
-455
112
-54
-52
-37
90
-421
90
-54
-40
-20
185
-457
96
-48
-31
-52
47
-449
150
-47
-25
-26
161
-423
109
-38
-13
-33
64
-438
100
-37
16
-27
137
-454
82
-34
26
-24
138
-429
83
-23
-19
-24
89
-432
51
-14
-6
-20
113
-489
52
-7
36
-43
167
-487
84
7
23
-33
166
-421
119
15
-1
-26
19
-427
45
28
68
-32
78
-457
142
84
-15
-107
77
-453
61
89
6
-59
156
-419
102
-30
-14
-40
136
-419
126
-41
-40
-35
160
-418
65
61
-15
-21
34
-415
105
-23
3
-44
63
-415
77
37
3
-89
157
-412
68
22
-44
-51
61
-409
51
35
6
-41
183
-406
87
-37
-30
-61
135
-405
88
-14
-8
-49
62
-403
150
-4
-35
-42
21
-402
130
19
-17
-28
20
-401
86
17
8
-40
52
-401
90
-31
-10
-34
184
-399
109
-29
-37
-41
159
-397
61
-15
-47
-83
134
1023
1023
1023
1023
1023
-1
-502
66
-63
-33
-14
74
-490
100
-49
-4
18
187
-465
85
-44
2
23
31
-464
117
-38
-41
-8
48
-527
114
-36
-25
-9
188
-468
151
-36
-21
-10
162
-494
150
-35
-3
-13
163
-457
60
-20
12
-19
139
-501
128
-12
18
-6
164
-520
89
-4
-16
36
189
-552
67
0
-41
-18
127
-463
65
5
-1
41
32
-496
104
7
21
-7
165
-483
90
33
-78
53
75
-482
47
67
-38
13
102
-467
100
82
-34
-7
76
-453
53
-24
-3
-18
115
-449
89
-71
-34
8
186
-448
61
42
-9
22
33
-436
120
26
-49
49
49
-434
119
-61
7
29
30
-429
52
-18
4
7
114
-426
46
1
-30
-15
45
-421
63
3
-44
-11
46
-418
52
-39
37
45
55
-413
145
-20
0
17
18
-406
62
-17
-14
-2
88
-405
140
95
-20
11
50
-401
201
-1
3
48
6
-400
141
-67
17
12
29
-397
65
90
-88
102
117
1023
1023
1023
1023
1023
-1
-374
-54
-138
-173
-48
124
-369
-60
-72
-82
-28
97
-384
2
98
-52
114
195
-381
-57
46
-33
0
208
-384
-75
-80
-14
26
238
-382
-8
-52
-13
28
80
-376
-5
-32
-10
-10
210
-392
-104
18
-9
-87
218
-358
-66
-68
-7
-5
237
-365
-29
17
-5
7
209
-372
-21
-50
-1
-3
106
-369
-128
106
-1
57
242
-389
-101
0
24
90
178
-362
-173
64
55
120
179
-387
-132
100
89
49
217
-375
-97
187
156
173
129
-342
9
163
100
106
118
-341
-107
-1
41
-178
244
-341
-115
-47
-123
-5
219
-340
-64
-46
13
-37
236
-337
14
-87
6
-21
68
-334
-96
-45
-54
-20
96
-328
-53
110
-52
105
221
-327
-98
-127
-41
18
246
-325
-133
116
59
-54
243
-324
-106
-131
-49
102
177
-322
-20
-111
-57
85
69
-318
-95
21
-38
-15
234
-317
-75
1
-9
-20
235
-312
4
65
207
-27
93
-311
-220
-40
30
-13
266
1023
1023
1023
1023
1023
-1
-361
29
-40
-16
-19
132
-385
34
-12
-36
-65
133
-384
61
-52
-6
32
54
-389
75
43
-15
-49
35
-392
85
-8
-11
-14
53
-365
86
-4
-2
-42
36
-370
92
88
-57
96
91
-367
94
-25
4
-31
37
-368
99
-30
-16
-20
38
-380
110
-32
-11
-28
158
-366
142
-55
0
-12
28
-359
147
54
34
32
8
-361
165
132
-12
-46
51
-390
176
28
32
48
7
-382
179
11
-67
-5
22
-390
219
-43
-31
23
5
-356
210
-70
-35
6
4
-354
62
100
96
47
92
-353
141
21
-29
-33
26
-352
146
-14
-23
-30
27
-349
86
84
-28
57
65
-343
58
73
76
5
66
-343
40
-107
-30
77
43
-343
182
48
-34
54
23
-335
68
-100
-4
-6
42
-331
32
-1
126
-62
67
-327
82
-35
62
-90
41
-322
132
53
6
15
9
-318
199
-68
-35
-20
3
-316
84
47
27
-28
40
-313
181
-146
-21
112
17
1023
1023
1023
1023
1023
-1
-89
-258
-107
17
6
121
-179
-246
-117
-120
-100
122
-259
-169
-183
-204
-76
123
-259
-166
-57
19
44
264
-188
-164
-104
22
77
272
-106
-155
-313
-211
-73
149
-130
-148
-90
41
126
229
-246
-146
-58
28
3
263
-166
-144
-295
-166
80
176
-238
-142
-128
-30
92
203
-166
-124
-97
22
-12
271
-76
-105
-350
-102
124
202
-289
-98
-89
-78
-72
245
-253
-95
-124
-47
41
95
-272
-63
-232
-204
22
150
-276
214
-153
11
20
16
-82
-307
-31
25
9
292
-54
-280
-5
-9
49
291
-56
-267
0
-55
32
293
-285
-212
-7
-32
0
267
-279
-201
-15
13
16
265
-187
-162
-13
-54
-15
260
-202
-146
-15
-37
-23
261
-231
-144
-50
23
-31
262
-216
-138
-12
83
-161
270
-284
-58
-34
94
1
94
-300
112
-24
4
-5
11
-285
132
-14
-41
26
12
-291
181
-39
-22
-35
2
-268
185
-9
-12
-6
1
-252
209
-51
47
-95
15
1023
1023
1023
1023
1023
-1
-253
-212
164
56
116
180
-228
-187
102
-101
-7
268
-291
-172
202
87
71
155
-279
-164
61
54
89
204
-246
-83
187
283
15
119
-296
-39
91
-82
35
247
-299
-31
242
55
152
144
-277
-25
286
26
146
170
-243
-20
319
-21
125
196
-309
86
74
-34
45
39
-302
118
14
-7
-13
10
-215
165
110
-104
91
13
-271
181
14
3
-2
0
-304
195
87
7
30
24
-226
199
79
-41
-20
14
-255
204
109
0
-17
25
-63
-281
222
44
40
206
-200
-263
123
126
108
205
-144
-229
125
94
44
230
-141
-216
213
-17
-57
181
-160
-194
84
220
16
120
-166
-158
81
-62
49
273
-196
-152
109
-25
-97
269
-144
-101
323
248
17
145
-122
-83
174
-136
-35
274
-75
-76
411
184
-26
171
-201
3
315
-110
71
222
-211
46
255
-141
-26
248
-108
72
36
-168
-146
275
-119
205
197
-195
-236
249
1023
1023
1023
1023
1023
-1
1023
1023
1023
1023
1023
-1
-48
-259
-35
21
73
290
-39
-239
-38
31
50
289
116
-239
-76
89
-28
147
163
-297
-29
14
0
318
165
-281
-25
-16
9
319
175
-290
-12
-3
12
317
175
-286
-20
8
27
316
180
-276
-21
7
34
315
190
-268
-33
10
42
314
204
-257
-39
3
38
313
208
-248
-21
19
62
324
215
-246
-38
3
22
312
339
-239
-6
3
-51
348
343
-245
-45
25
-60
345
353
-240
-30
15
-63
344
356
-239
-17
5
-61
343
342
-239
-40
1
-41
346
187
-238
-25
-10
-77
326
353
-237
-15
11
-56
342
340
-237
-22
-9
-32
347
349
-233
-19
19
-49
341
181
-229
-6
43
8
322
-25
-228
-40
21
39
288
13
-224
-28
-35
27
286
354
-223
-30
19
-35
340
203
-223
-24
45
55
323
-1
-218
-23
-33
34
287
15
-215
-208
-87
-159
148
25
-211
-62
33
156
298
361
-208
-44
20
-31
339
255
-192
-47
156
-127
173
1023
1023
1023
1023
1023
-1
-19
-21
-312
14
146
228
-1
-135
-202
-171
9
328
26
-174
-390
-134
-54
175
26
-172
-276
-7
-218
327
86
165
-340
194
-27
227
99
-115
-239
-153
-6
354
110
-35
-427
15
-23
201
146
-139
-318
19
-245
353
160
-188
-265
16
-213
174
203
267
-213
307
-134
226
245
-5
-287
177
-215
200
275
-59
-227
-52
141
380
322
-35
-297
130
-63
379
376
-93
-196
36
149
406
418
-39
-248
197
19
405
490
-41
-170
185
6
431
278
-49
-62
-9
-213
259
326
-184
-82
21
-140
352
388
31
-98
11
-105
285
-46
-82
-140
-71
-101
301
486
0
-85
45
-46
378
366
-192
-43
24
-44
338
-2
-162
-9
94
-28
296
96
326
-56
328
4
252
476
26
-111
37
35
311
54
197
-131
277
49
253
461
-98
-139
74
54
432
-30
-19
-82
-184
93
302
38
-150
-73
73
116
297
74
-7
-156
79
203
254
196
-95
-41
82
208
280
1023
1023
1023
1023
1023
-1
502
-81
-28
10
-24
373
507
-70
-37
20
-21
372
515
-57
-29
16
-26
371
501
-46
-25
21
-26
365
500
-27
-27
34
-28
364
572
-22
-67
44
14
363
524
-12
-102
50
54
337
548
-12
-57
30
6
458
557
9
-61
32
9
336
559
16
-71
79
-4
457
598
16
-60
53
15
362
551
52
-73
54
15
404
618
53
-32
30
10
361
580
63
-53
45
26
430
637
63
-27
10
23
389
594
65
-34
34
19
456
504
-78
-6
-14
-30
374
504
-64
-6
0
-45
367
512
-60
-6
-3
-45
368
502
-59
-14
6
-32
366
520
-52
-11
0
-33
369
519
-51
-20
8
-31
370
545
-19
-7
-34
11
459
592
56
-15
-5
7
398
593
56
-10
-9
9
399
595
58
-15
-3
7
397
597
63
-12
0
10
396
596
68
-11
-9
10
402
600
68
-10
0
14
395
598
72
-7
0
13
394
596
75
-14
-14
20
403
1023
1023
1023
1023
1023
-1
600
100
-6
-13
16
487
602
95
-11
-10
26
484
607
104
-6
-22
26
488
614
98
-11
-12
25
481
616
98
-6
-9
26
426
617
96
-12
-17
22
480
617
109
-5
-11
26
421
617
106
-7
-10
28
422
618
99
-8
-17
31
448
618
101
-9
-11
34
449
619
92
-8
-15
24
479
621
86
-5
-10
35
476
622
89
-6
-11
30
478
624
85
-11
-15
36
475
625
81
-9
-15
33
474
656
102
-13
-10
27
415
600
98
-17
-4
15
483
646
80
-17
5
25
388
610
89
-15
-2
34
429
613
88
-14
0
31
455
608
98
-13
-3
22
482
612
93
-13
0
30
428
616
92
-12
-4
29
454
617
104
-10
-7
29
423
617
97
-8
-8
27
453
614
104
-8
-5
27
424
615
97
-8
-4
27
427
648
96
-8
9
31
387
615
102
-6
-8
27
425
653
103
-6
-4
25
441
622
83
-5
-6
27
473
1023
1023
1023
1023
1023
-1
63
-184
225
-178
-112
207
205
-147
105
-161
-173
233
-8
-203
88
-151
44
294
29
-187
70
-89
-25
300
182
-245
14
-76
29
320
15
-154
87
-73
6
295
206
-172
203
-62
-32
257
35
-238
62
-54
87
299
268
-205
148
-54
-8
282
190
-221
22
-46
31
321
124
-273
226
-28
-94
232
219
-264
25
-22
10
325
227
-195
38
6
138
281
72
-208
152
34
35
256
-18
-301
188
95
15
231
-2
-182
208
236
-41
146
173
23
381
44
-217
198
158
-119
303
151
-210
331
263
-7
335
66
-196
357
285
-105
145
-93
-165
258
101
-135
311
211
-156
172
-26
-12
437
27
-101
197
114
-102
194
209
-33
305
153
-50
295
37
-14
356
60
-115
274
115
-5
330
46
-27
206
187
120
304
52
-138
-4
40
178
255
124
-92
42
-170
194
355
39
-116
54
-149
233
329
284
-59
30
-178
270
381
41
14
77
-103
322
303
1023
1023
1023
1023
1023
-1
375
-210
-1
-7
-82
351
484
-74
92
-114
-82
309
418
-167
125
-100
-81
308
536
-53
59
-53
-78
334
402
-124
102
-4
-76
332
367
-116
164
-142
-74
283
363
-216
-4
0
-67
350
350
-230
0
7
-64
349
499
-99
61
-57
-62
333
458
-104
103
-113
-44
434
511
-64
6
-30
-42
375
369
-209
66
-46
8
307
378
-97
186
-116
21
408
295
-177
39
50
62
306
458
-115
-4
-90
84
433
376
-110
10
-146
210
407
345
7
6
136
-151
199
490
-49
118
-72
-138
435
413
-19
79
-117
-134
284
433
-30
208
-61
-125
409
374
26
280
-11
-119
383
499
24
118
-21
-74
358
559
21
27
-41
-57
461
519
-40
5
-28
-50
376
504
4
0
-49
-45
310
543
-11
25
-50
-43
460
566
-7
4
-23
-40
335
535
-7
0
-28
-33
377
590
52
36
-11
-23
359
581
56
38
-39
-8
436
293
-36
258
-63
47
382
1023
1023
1023
1023
1023
-1
-38
178
63
-216
-5
276
-36
123
346
-164
-197
223
-2
324
189
-185
-184
250
132
237
315
-136
-236
224
299
296
43
53
-73
225
557
93
85
-19
-5
384
570
70
63
-32
2
410
593
76
-1
-1
12
393
594
59
-3
-10
8
400
596
70
11
-35
2
462
596
64
-4
-10
8
401
598
96
-4
-7
11
486
611
97
10
-26
11
463
612
64
10
11
-13
360
618
111
11
-17
8
464
627
101
16
-10
12
438
615
91
18
-22
20
437
606
114
0
-20
21
489
608
122
4
-19
20
490
617
96
-5
-16
23
447
567
87
9
-15
21
468
581
91
11
-14
24
469
631
117
4
-11
20
465
613
92
2
-10
25
446
621
132
0
-8
25
492
642
105
7
-6
23
439
640
121
-4
-4
24
467
587
81
1
-3
14
392
580
86
4
1
20
391
568
92
5
3
16
390
636
107
13
11
24
386
1023
1023
1023
1023
1023
-1
73
238
83
-51
257
277
566
92
9
-11
26
442
577
115
11
-9
36
416
580
92
11
-8
29
443
591
115
10
-7
39
417
600
114
7
-6
34
418
602
93
-4
-11
26
485
615
108
0
-6
33
420
617
127
2
-16
26
491
617
99
-3
-7
35
451
619
98
-4
-9
32
452
621
98
24
-9
38
411
622
87
-4
-10
35
477
640
121
0
-5
27
466
651
104
5
-7
29
413
657
102
-4
-11
27
414
615
102
-4
-5
34
450
609
110
5
-5
34
419
593
91
11
-4
29
470
604
90
11
-4
30
445
592
92
10
-4
30
444
636
100
20
-3
26
412
623
130
-2
-2
25
493
652
103
-1
-2
28
440
617
86
4
0
27
472
607
88
13
1
31
471
143
393
65
3
51
251
622
112
23
3
35
385
87
66
59
261
110
279
64
182
100
271
157
278
1023
1023
1023
1023
1023
-1
1023
1023
1023
1023
1023
-1
