-288
177
-6
-9
-11
-309
174
-38
-21
-39
-335
191
-68
-33
-20
-372
201
-71
-34
4
-409
210
-45
-29
18
-419
192
-4
3
47
-411
165
26
32
46
-379
139
54
32
30
-342
124
57
4
13
-320
110
16
-5
-17
-319
106
-24
6
-12
-305
123
-20
-35
23
-238
152
102
-97
86
-240
177
87
-32
-8
-269
189
-44
52
-101
-290
194
-149
8
4
-327
169
-152
-37
104
-426
143
-31
-19
13
-444
126
17
-7
-29
-422
135
20
-12
-27
-426
156
-3
-23
-48
-405
181
7
-63
-10
-362
180
46
-39
53
-324
193
88
6
29
-279
205
108
3
-23
-222
205
49
-17
-43
-367
142
-10
-23
-32
-379
138
-53
1
-14
-411
135
-67
21
12
-444
112
-60
9
31
-475
77
-45
2
22
-474
56
2
0
39
-461
51
38
-10
21
-433
60
58
-20
-23
-406
71
44
-22
-52
-381
85
-2
-6
-46
-386
98
-26
4
-39
-387
102
-32
-14
-23
-329
88
70
-32
42
-332
87
54
24
-32
-350
89
-36
58
-108
-358
78
-106
-8
-28
-367
51
-113
-31
72
-442
46
-12
2
18
-447
46
14
-13
-13
-434
57
7
-38
-10
-469
87
-48
-37
-50
-478
109
-45
-45
-9
-452
118
23
-55
50
-424
138
96
-22
12
-384
161
129
-4
-47
-312
180
61
-39
-58
-402
78
-7
-12
-14
-395
58
-49
-8
30
-426
47
-39
35
44
-444
15
-30
32
54
-456
-12
-31
2
40
-453
-22
8
-29
27
-449
-9
21
-47
-10
-437
27
29
-54
-48
-424
62
22
-47
-51
-416
82
-15
-13
-46
-432
103
-27
0
-51
-438
110
-36
-15
-30
-367
89
81
-32
57
-359
72
79
56
-3
-365
60
-13
105
-91
-351
24
-83
27
-1
-343
-11
-106
-30
103
-414
-28
-4
7
38
-424
-19
6
-12
-7
-421
-3
-24
-53
-8
-478
21
-83
-37
-44
-503
43
-75
-52
-10
-488
77
23
-86
56
-485
101
82
-42
-8
-476
135
77
-11
-105
-425
201
10
-81
-71
-418
23
2
23
-20
-392
-9
-50
-12
24
-417
-24
-25
18
18
-430
-42
-16
24
5
-435
-57
-29
8
-13
-430
-52
2
-37
-27
-428
-33
5
-53
-44
-428
5
5
-48
-56
-421
37
2
-37
-25
-416
60
-18
-15
1
-445
82
-29
-19
-27
-470
108
-52
-50
-31
-389
92
80
-59
93
-372
67
105
75
49
-382
58
14
151
-101
-334
-9
-48
68
0
-276
-89
-74
8
151
-350
-102
6
43
9
-367
-93
-10
-3
-64
-369
-80
-87
-102
-41
-445
-41
-121
-64
-25
-501
1
-80
-41
-5
-508
35
-2
-82
31
-503
48
71
-36
17
-453
21
105
48
28
-392
0
49
96
73
-418
6
9
42
-46
-382
-22
-47
1
-7
-404
-30
-16
-3
-41
-416
-28
-10
-16
-74
-422
-19
-34
-16
-83
-426
5
-18
-35
-75
-433
26
-20
-28
-62
-444
44
-22
-11
-53
-444
52
-16
-5
-23
-441
51
-20
5
8
-470
50
-32
1
-23
-511
75
-74
-44
-55
-417
60
83
-86
98
-387
39
134
49
56
-387
25
61
181
-123
-289
-67
28
126
4
-159
-200
4
85
193
-209
-240
63
121
-15
-240
-216
-47
-24
-173
-263
-164
-199
-222
-119
-384
-78
-212
-173
-26
-489
0
-106
-46
21
-552
60
-23
-33
-20
-503
6
91
25
72
-382
-105
192
153
178
-266
-226
165
283
175
-411
28
25
27
-76
-368
28
-37
-14
-21
-389
34
-13
-36
-62
-402
61
-13
-49
-83
-412
89
-38
-31
-62
-425
104
-32
-16
-40
-445
104
-38
12
-26
-464
85
-36
28
-23
-469
62
-22
13
-20
-466
40
-11
13
-11
-490
18
-27
28
-43
-534
27
-89
-4
-71
-423
14
88
-88
107
-378
6
165
1
57
-350
-1
127
166
-114
-196
-66
128
119
22
-4
-167
96
80
187
-22
-207
125
161
-38
-63
-182
-104
14
-243
-109
-140
-326
-199
-105
-267
-100
-295
-168
64
-412
-56
-128
-27
94
-495
-38
6
32
48
-415
-113
120
27
109
-300
-165
196
67
56
-182
-194
189
124
-48
-420
79
37
6
-85
-387
109
-30
-9
-32
-404
109
-31
-37
-39
-425
125
-42
-41
-37
-458
151
-49
-25
-29
-480
154
-41
-24
-15
-504
154
-35
-6
-10
-511
129
-10
21
1
-504
104
11
27
-2
-496
85
9
21
-32
-502
53
-18
32
-48
-539
36
-99
30
-53
-429
27
88
-71
100
-382
27
176
-23
40
-318
-10
163
166
-92
-129
-57
203
109
13
100
-124
178
53
124
112
-172
171
164
-124
77
-167
-147
82
-299
15
-144
-402
-98
-82
-151
-134
-336
-159
127
-302
-128
-112
-41
141
-368
-158
63
89
132
-257
-225
165
53
113
-146
-214
209
-29
-60
-36
-188
190
-70
-222
-414
47
37
8
-37
-406
86
-29
-10
-39
-424
87
-53
-41
-20
-451
85
-72
-35
11
-494
95
-50
0
20
-534
109
-40
-21
-8
-526
81
-7
-16
41
-493
34
54
46
105
-460
4
70
81
66
-457
16
26
0
-45
-431
-19
-31
-61
-6
-474
-35
-109
12
16
-402
1
84
-57
89
-367
11
174
-30
34
-266
-46
176
113
-70
-87
-25
240
23
-52
156
4
246
-64
51
199
-29
210
94
-168
157
-17
-181
176
-320
81
-18
-433
44
-65
-60
-94
-352
-89
184
-188
-173
-70
7
170
-223
-251
143
161
94
-63
-288
222
36
37
58
-182
223
-181
-107
163
-41
156
-292
-164
-370
-31
20
-6
6
-381
-6
-31
-8
-13
-400
-10
-57
-22
11
-427
-18
-77
-16
44
-468
-29
-42
10
52
-513
-24
-42
-13
15
-492
-62
1
-11
74
-436
-111
95
45
138
-393
-136
107
89
48
-400
-106
18
-1
-98
-355
-115
-59
-118
-19
-392
-110
-107
-33
44
-357
-39
84
-70
60
-331
-18
162
-31
21
-212
-26
163
25
-68
-93
87
201
-120
-156
103
199
208
-199
-38
169
223
199
-10
-136
130
219
-141
287
-218
74
144
-323
233
-16
15
-46
-263
49
221
-44
-193
-10
56
186
-42
-294
212
103
-13
120
-260
216
-34
-93
186
-146
89
-139
-182
231
-11
-37
-206
-119
-323
-71
3
-13
-21
-345
-60
-44
16
-37
-363
-63
-64
0
-5
-385
-75
-77
-10
28
-421
-93
-31
6
11
-463
-93
-44
6
-13
-438
-106
-9
-16
17
-373
-128
103
-12
50
-328
-131
121
51
-57
-346
-105
0
50
-182
-299
-99
-99
-61
-76
-321
-102
-115
-42
27
-320
-41
62
-80
11
-297
-20
142
-34
-16
-178
12
143
-11
-59
-123
143
126
-139
-175
4
264
116
-229
-55
83
287
151
-63
-7
80
256
-25
305
-4
74
151
-101
301
87
120
-40
-97
90
228
142
-169
52
10
153
183
-179
221
-66
-63
280
-93
141
-101
-156
263
-48
-68
5
-215
227
-13
-207
19
-104
-210
-141
-14
-41
-21
-239
-140
-47
25
-29
-252
-144
-51
34
3
-261
-164
-51
20
42
-278
-202
-14
14
12
-312
-223
-41
35
-19
-286
-215
-12
-29
0
-230
-187
99
-106
-4
-196
-150
114
-37
-91
-218
-138
-9
89
-157
-171
-127
-103
38
-10
-178
-160
-88
7
89
-186
-167
47
-42
43
-159
-167
117
-31
3
-55
-109
115
-34
17
-74
9
22
-121
-108
-23
143
-2
-257
0
49
176
94
-140
175
67
147
85
238
177
89
58
95
302
107
214
-89
32
97
152
303
-176
85
-57
66
348
-130
174
-138
-94
407
-21
78
-119
-120
383
29
-90
7
-92
338
54
-185
41
37
-12
-211
-23
-36
40
-35
-223
-37
19
44
-46
-234
-29
31
51
-52
-252
-28
20
71
-54
-272
-3
-9
48
-81
-300
-29
26
8
-55
-263
-4
-47
36
-11
-201
82
-146
51
14
-153
88
-78
14
-4
-163
-6
91
-25
34
-152
-72
76
110
30
-201
-51
20
160
15
-249
28
-23
76
39
-253
80
-33
25
104
-199
65
-22
45
28
-154
-89
-8
-71
4
-61
-136
-173
12
49
-19
12
-200
209
72
-45
151
88
160
117
-77
233
203
-22
287
-103
142
63
-4
421
-126
96
-80
-33
467
-83
90
-105
-96
492
1
-1
-44
-40
465
20
-107
39
37
415
-1
-142
50
119
187
-254
-40
3
40
175
-265
-29
6
43
167
-273
-13
3
30
165
-280
-14
7
22
168
-283
-11
-1
8
157
-291
-29
16
-1
159
-280
-27
-9
8
174
-248
10
-67
25
183
-225
21
-45
27
175
-233
-4
37
2
194
-228
-23
44
42
202
-247
-18
19
53
202
-272
5
-7
-4
225
-263
34
-26
-32
245
-224
14
-12
-55
143
-224
-160
65
-145
73
-187
-226
-57
-52
71
-129
-74
-202
92
106
-117
173
-80
55
173
-83
312
41
-119
352
-14
209
48
-111
494
7
80
2
-71
552
-1
-1
-14
-38
540
9
-61
37
6
509
-16
-98
55
45
468
-59
-92
37
67
341
-205
-43
20
-32
336
-220
-28
15
-36
333
-228
-13
14
-52
338
-229
-11
10
-60
344
-228
-15
5
-64
342
-229
-29
15
-63
335
-234
-42
23
-59
333
-231
-37
5
-43
333
-230
-21
-5
-33
335
-232
-5
3
-51
346
-222
0
5
-64
359
-208
-2
-2
-66
369
-201
-7
-9
-80
384
-175
1
-21
-82
369
-119
-29
-36
-133
267
-107
-181
29
-184
173
-93
-254
-13
-78
142
-34
-117
-139
56
177
-6
157
-117
66
250
19
305
-24
-73
403
83
224
57
-94
537
106
71
58
-30
599
64
-30
30
9
580
29
-52
50
15
558
-9
-60
44
12
534
-48
-52
29
5
480
-43
-22
22
-26
483
-57
-13
5
-31
486
-61
-3
-1
-44
494
-55
-4
-5
-47
503
-46
-10
-1
-33
504
-44
-19
6
-29
501
-49
-26
13
-24
494
-61
-31
19
-21
492
-72
-24
10
-22
495
-70
-5
-10
-28
503
-57
4
-26
-39
512
-35
5
-28
-45
524
-9
-3
-23
-28
530
16
-7
-18
-12
500
45
-49
-8
-37
413
17
-163
57
-42
324
-24
-220
50
45
272
-26
-121
-44
146
289
-19
106
-114
137
343
-5
230
-87
12
452
60
195
0
-38
557
110
84
26
-2
623
103
-5
6
33
622
90
-11
1
28
618
75
-19
7
26
611
62
-21
8
21
557
86
6
0
20
567
81
3
-1
16
574
76
0
0
12
578
72
-7
-1
13
581
68
-10
-1
15
579
64
-12
-1
13
577
61
-13
-5
9
576
60
-12
-7
8
578
60
-6
-10
9
581
62
-1
-6
10
583
65
-4
-5
7
584
69
-10
-8
10
584
71
-16
-12
20
580
74
-16
-9
26
541
69
-58
28
21
481
33
-127
63
40
418
-22
-154
52
106
363
-67
-104
25
146
371
-68
58
-79
110
415
-47
153
-114
33
485
8
150
-56
-33
559
69
83
-7
-31
622
104
4
-6
32
628
99
0
-11
29
631
99
-6
-10
29
631
102
-6
-12
27
567
113
12
-8
37
579
112
9
-5
34
588
108
6
-3
32
594
106
-1
-5
29
596
106
-6
-11
25
597
103
-7
-11
28
597
101
-7
-7
30
596
101
-5
-5
27
599
100
-3
-9
27
602
97
-2
-9
26
601
97
-7
-3
24
600
93
-12
0
28
598
88
-15
-2
32
591
83
-17
-1
29
557
57
-58
49
21
515
11
-105
78
29
477
-38
-104
50
63
433
-92
-73
36
50
437
-92
29
-54
-3
472
-57
87
-104
-23
519
2
89
-76
-53
562
57
57
-23
-56
612
101
7
-6
23
623
99
2
-3
28
627
100
-1
-4
23
630
99
-5
-14
23
557
90
13
-8
28
571
91
11
-5
28
583
89
11
-4
27
592
91
1
-8
23
596
94
-5
-14
22
598
96
-7
-15
31
598
97
-7
-11
33
597
99
-2
-7
31
600
98
-2
-11
33
603
99
-2
-12
29
601
100
-7
-8
24
601
97
-11
-4
27
600
93
-12
-4
30
594
87
-15
0
24
569
60
-41
40
4
548
23
-63
57
1
528
-11
-56
37
9
508
-35
-33
8
-14
510
-31
9
-39
-45
534
2
29
-66
-32
558
47
33
-52
-32
579
87
22
-24
-20
604
110
5
-12
19
613
115
2
-5
25
616
118
0
-5
21
619
115
-6
-11
20
559
88
13
-15
23
573
90
12
-6
27
587
88
13
0
30
597
85
3
1
28
602
83
-4
-4
28
607
80
-7
-14
34
607
82
-9
-14
35
604
84
-4
-11
31
605
86
-5
-12
32
605
90
-6
-14
28
601
95
-8
-15
21
600
99
-11
-18
21
598
102
-10
-15
25
594
104
-9
-6
24
586
103
-16
-2
15
586
98
-15
-3
25
585
94
-9
-6
28
578
94
-9
-6
15
576
96
-9
-12
13
582
100
-8
-23
25
581
110
-1
-21
22
582
119
2
-19
18
592
123
3
-16
27
598
127
3
-9
27
600
126
1
-2
23
606
120
-4
-2
28
