27
29
22
23
27
23
22
21
23
22
27
21
22
21
23
15
21
22
15
8
15
21
12
14
21
15
9
14
21
23
15
11
23
21
29
22
29
27
23
22
27
29
20
21
27
29
22
21
29
22
27
20
29
27
23
22
27
23
29
22
25
23
22
27
23
25
22
15
15
12
8
14
9
11
10
8
9
11
10
15
11
9
10
8
21
11
22
10
22
21
15
23
29
22
23
21
29
21
23
27
29
27
23
22
22
21
29
27
21
22
27
23
15
21
22
23
14
15
21
22
12
8
15
21
13
14
12
15
14
13
9
15
9
11
15
21
11
22
21
23
20
22
23
29
20
21
27
29
21
22
27
29
29
22
23
20
23
29
22
27
23
22
27
29
23
27
22
25
22
20
23
15
14
12
15
8
14
9
10
11
14
9
15
10
8
9
10
11
12
10
11
21
14
15
21
22
14
21
22
23
21
23
29
27
22
29
23
27
15
21
22
29
15
21
23
22
15
14
21
23
1
15
14
21
0
15
12
8
5
14
13
15
4
14
9
13
4
9
11
15
11
9
21
22
10
20
22
23
9
21
20
27
8
21
22
27
22
20
29
23
22
23
29
27
23
20
22
27
23
22
27
25
22
20
18
23
6
14
15
12
6
14
9
10
3
14
9
15
1
8
9
10
12
1
10
11
13
14
15
21
13
14
21
22
9
21
23
29
22
9
23
27
6
15
21
22
16
15
22
23
3
14
15
21
2
1
14
15
0
12
15
8
6
5
14
15
6
4
14
9
6
4
11
9
9
6
11
21
15
20
10
22
9
20
21
27
8
21
22
27
20
22
29
23
22
23
29
20
23
22
20
27
27
18
23
22
25
18
22
20
18
6
15
14
17
6
10
14
16
3
14
15
1
0
8
9
0
1
12
10
5
13
14
15
13
14
22
21
5
9
21
23
22
9
17
23
6
15
22
21
17
16
15
23
3
14
15
21
6
2
1
14
2
0
12
15
2
6
14
15
2
6
9
4
1
9
4
11
9
6
11
21
14
15
20
10
9
20
21
27
8
21
22
27
15
20
22
29
22
20
29
23
23
22
20
27
27
23
18
28
30
25
18
22
30
18
6
15
26
17
6
10
24
16
3
14
16
1
0
8
0
1
12
10
13
12
5
14
5
13
14
22
17
5
9
23
17
28
22
23
7
6
15
21
20
16
17
15
20
3
14
15
11
2
1
6
10
2
15
12
9
15
14
6
8
9
4
6
8
9
4
1
12
9
6
11
4
14
15
10
1
9
20
21
1
8
21
22
6
15
20
22
22
20
29
17
23
22
18
20
28
27
18
23
49
30
25
18
49
30
18
6
24
26
17
6
24
25
16
3
25
16
0
1
3
0
1
12
5
13
14
12
6
5
22
14
28
17
5
23
30
28
17
22
10
7
6
15
21
20
15
16
11
20
15
14
8
11
1
6
8
12
10
15
12
15
14
9
12
8
9
4
13
9
8
1
13
9
12
6
9
4
14
10
9
1
20
21
1
8
21
22
6
15
20
22
22
20
29
17
19
22
23
18
28
31
18
27
49
51
30
25
49
30
18
6
38
24
26
17
36
24
25
16
25
16
0
1
25
3
0
1
17
5
14
13
28
6
5
22
30
28
17
23
48
30
28
17
10
6
7
15
11
20
21
15
14
11
15
20
14
8
1
11
12
8
15
10
12
9
14
15
13
12
9
4
5
13
1
9
5
9
13
6
4
10
9
14
2
1
9
20
0
1
8
22
6
7
15
20
16
22
20
29
19
22
28
18
31
28
18
27
51
49
30
25
50
49
30
18
37
38
24
26
36
25
24
16
25
16
0
1
24
25
3
0
28
17
5
14
30
28
6
22
48
30
28
17
48
50
30
28
17
7
6
10
17
20
15
11
3
20
14
15
2
1
14
8
0
15
12
8
0
12
14
9
5
4
13
9
5
1
13
9
17
6
5
9
7
4
10
14
18
2
20
1
16
0
22
1
18
7
6
15
18
16
22
29
19
28
31
22
31
28
27
18
56
51
49
30
56
50
49
30
37
38
26
24
36
25
24
16
36
25
16
1
35
24
25
3
49
28
17
5
49
30
28
22
48
50
30
28
48
38
50
30
19
17
7
6
18
17
20
15
17
3
20
14
16
2
1
14
0
3
15
12
0
14
9
12
5
4
9
13
16
5
1
13
17
18
5
6
18
7
4
10
25
18
20
2
19
16
22
0
19
18
6
7
16
18
29
22
31
28
22
19
31
27
28
18
56
51
30
49
56
50
49
30
38
37
24
26
39
36
24
25
39
36
25
16
49
35
24
25
48
49
28
17
50
49
30
28
38
50
48
30
37
38
48
50
19
27
17
7
27
18
17
20
27
17
3
20
26
16
2
1
26
3
0
15
19
0
9
14
26
5
4
9
28
16
5
1
30
18
17
6
27
18
7
4
25
18
20
2
24
19
16
22
30
19
18
7
30
18
16
29
30
31
28
19
31
28
27
18
56
51
30
49
60
56
50
30
63
38
24
37
63
39
24
25
39
51
36
25
53
49
35
24
52
49
48
28
54
50
49
30
38
50
48
30
38
37
48
50
35
19
27
17
35
27
18
17
34
27
17
3
32
26
16
2
26
49
3
0
26
19
0
14
26
5
4
9
48
28
16
5
48
30
18
17
38
27
18
7
39
25
18
20
35
24
19
16
49
30
19
18
49
30
18
29
49
30
31
28
38
27
31
28
39
51
30
56
51
56
60
30
51
63
38
24
50
63
39
24
53
51
39
36
53
49
35
24
52
49
48
28
55
54
50
49
39
38
50
48
39
37
38
48
33
35
27
19
32
35
27
18
32
34
27
17
32
26
16
2
32
49
26
3
32
26
19
0
32
26
5
4
48
28
16
5
49
48
30
18
49
38
27
18
34
39
25
18
33
35
24
19
49
30
19
18
49
30
18
29
49
30
31
28
35
38
27
31
36
39
51
30
39
51
30
56
51
38
24
63
50
63
39
24
54
53
51
39
54
53
35
49
55
52
49
48
41
55
54
50
40
39
38
50
39
38
37
48
35
33
27
19
35
32
27
18
34
32
27
17
34
32
26
16
34
49
32
26
34
32
26
19
34
32
26
5
34
48
28
16
34
49
48
30
38
53
49
27
34
53
39
25
52
33
35
24
35
49
30
19
52
49
30
29
38
49
31
30
38
37
35
31
37
36
39
51
39
51
56
30
51
38
63
24
50
63
39
24
54
56
53
39
56
54
53
35
41
55
52
49
41
55
54
50
40
41
38
39
40
38
39
37
38
35
33
27
38
35
32
27
53
34
32
27
53
34
32
26
42
34
49
32
42
34
32
26
40
34
32
26
40
34
48
28
42
34
49
48
53
38
49
27
53
39
34
25
55
52
35
33
55
35
49
30
42
52
49
30
38
41
49
31
38
37
35
31
37
39
36
51
39
51
56
30
51
55
38
63
55
50
63
39
54
56
53
39
56
54
53
35
63
41
55
52
46
41
55
54
46
41
40
39
43
40
39
38
59
38
35
33
59
38
35
32
59
53
34
32
43
53
34
32
43
42
34
49
42
43
34
32
43
40
34
32
43
40
34
48
43
42
34
49
56
53
38
49
56
53
39
34
43
55
52
35
43
55
35
49
43
42
52
49
41
38
49
31
39
38
37
35
37
39
51
36
39
51
56
30
53
51
55
38
55
50
63
39
54
56
53
55
56
54
53
35
61
63
41
55
61
46
41
55
45
46
41
40
45
43
40
39
60
59
38
35
62
59
38
35
62
59
53
34
62
43
53
34
44
43
42
34
44
43
42
34
47
43
40
34
62
43
40
34
60
43
42
34
60
56
38
53
47
56
39
53
46
43
55
52
46
43
55
35
43
46
42
52
41
38
49
31
39
41
38
37
39
37
51
36
39
56
51
30
53
55
38
51
53
55
63
50
54
55
53
56
54
56
53
35
61
63
59
41
61
62
46
41
46
45
59
41
45
58
43
40
60
59
38
35
59
62
38
35
62
59
53
34
62
59
43
53
44
58
43
42
44
43
42
34
44
47
43
40
60
62
43
40
60
43
42
34
60
56
38
53
47
56
39
53
46
43
55
52
46
43
55
35
46
43
42
52
41
38
49
31
41
38
39
37
41
39
37
51
40
39
56
51
53
55
38
51
55
53
63
50
55
54
56
53
56
54
53
35
58
61
59
63
62
61
46
41
59
46
45
41
58
45
43
40
