   1
   2
   3
   4
   5
   6
   7
   8
   9
  10
  11
  12
  13
  14
  15
  16
  17
  18
  19
  19
  21
  22
  23
  24
  25
  14
  27
  28
  29
  30
  31
  32
  33
 156
  52
  36
  37
 158
  39
  40
  41
  42
  43
 114
  45
  46
  47
  48
  49
  49
  51
  26
  88
  88
  55
  56
  57
  58
  59
  59
 134
 136
  89
  64
  65
  66
  67
  42
  43
  44
  84
  98
  73
  74
  75
  76
  77
  26
  79
  80
  81
  82
 240
  84
  85
  86
 113
  88
  89
  90
  91
  92
  67
  94
 203
 236
 237
  97
 125
 100
 101
 102
 191
  92
  79
 106
 109
  85
 111
 111
 111
 112
 113
 114
 113
 116
 117
  92
  67
  94
 205
 230
 262
 123
 124
 100
 127
 128
 129
 129
 131
 132
 133
 134
 135
  89
 137
 138
 139
 140
 141
 142
 169
  65
  67
 155
 256
 146
 122
 149
 150
 220
 153
 216
 155
 230
 157
 158
 159
  64
 161
 162
 163
 164
 165
 166
 167
 168
 169
  65
  93
 155
 256
 146
 259
 175
 176
 203
 179
 180
 181
 207
 183
 184
 186
 186
 187
 188
 189
 190
 191
 192
 193
 194
 169
 195
 243
 274
 330
 357
 200
 201
 202
 229
 180
 206
 207
 233
 209
 106
 211
 212
 213
 214
 215
 215
 217
 108
 219
 238
 221
 221
 243
 249
 276
 224
 226
 227
 228
 298
 231
 232
 233
 233
 235
 236
 237
 238
 240
 240
 241
 208
 217
 244
 245
 177
 234
 208
 274
 275
 276
 250
 252
 253
 254
 281
 257
 258
 259
 379
 234
  94
  94
 265
 265
 266
 267
 268
 269
 270
 271
 272
 273
 273
 273
 275
 276
 277
 278
 279
 280
 307
 283
 284
 285
 285
 287
 287
 288
 290
 291
 292
 293
 294
 295
 296
 297
 298
 256
 256
 321
 301
 302
 355
 304
 305
 306
 434
 309
 310
 311
 311
 313
 315
 315
 316
 317
 318
 319
 320
 321
 325
 322
 324
 325
 325
 325
 173
 354
 302
 355
 356
 383
 358
 335
 336
 337
 432
 339
 340
 341
 342
 342
 341
 341
 346
 347
 338
 342
 350
 340
 351
 352
 259
 174
 302
 355
 356
 383
 384
 456
 362
 458
 458
 378
 378
 375
 375
 366
 366
 365
 372
 366
 375
 375
 377
 377
 459
 378
 285
 406
 280
 381
 382
 358
 384
 472
 454
 455
 395
 390
 390
 392
 394
 396
 398
 399
 399
 399
 393
 393
 402
 403
 403
 404
 311
 406
 432
 433
 382
 358
 384
 451
 452
 478
 448
 416
 444
 444
 419
 487
 484
 424
 444
 485
 485
 427
 482
 429
 403
 404
 311
 311
 432
 333
 434
 358
 461
 452
 452
 423
 479
 442
 390
 444
 444
 487
 484
 484
 485
 485
 485
 424
 482
 429
 483
 430
 457
 336
 365
 375
 460
 436
 393
 489
 419
 492
 465
 468
 443
 444
 470
 484
 484
 484
 485
 485
 485
 487
 487
 484
 483
 483
 483
 427
 393
 487
 487
 469
 489
 418
 418
 492
 489
