27
27
23
21
15
15
15
21
23
23
23
27
29
29
27
25
23
14
9
9
9
15
21
23
29
29
21
21
15
14
12
13
13
9
11
20
21
21
23
23
22
22
20
14
14
14
8
12
14
14
21
23
15
15
14
1
0
5
4
4
9
10
9
8
20
22
20
22
18
6
6
3
1
1
13
13
9
9
6
16
3
2
0
6
6
6
6
15
9
8
20
20
20
18
25
18
17
16
0
0
5
13
5
17
6
17
3
6
2
2
2
1
9
14
9
8
15
20
20
28
30
30
26
24
16
0
12
5
17
28
7
20
20
11
10
9
8
8
12
4
1
1
6
17
18
31
49
49
24
25
25
3
5
6
28
30
10
21
11
8
8
12
12
13
13
9
9
1
6
20
19
31
51
49
38
36
25
25
17
28
30
48
10
11
14
14
12
12
13
5
5
4
2
0
7
16
28
31
51
50
37
36
25
24
28
30
48
50
17
17
3
2
0
0
5
5
17
7
18
16
18
18
31
31
56
56
38
36
36
35
49
49
50
38
19
18
17
16
3
0
5
16
18
18
25
19
19
29
31
31
56
56
38
39
39
49
48
50
38
37
27
27
27
26
26
19
26
28
30
27
25
24
30
30
30
31
56
60
63
63
51
53
52
54
38
37
35
35
34
32
49
26
26
48
48
38
39
35
49
49
49
38
39
51
51
50
53
53
52
55
39
39
33
32
32
32
32
32
32
48
49
49
34
33
49
49
49
35
36
39
51
50
54
54
55
41
40
39
35
35
34
34
34
34
34
34
34
53
53
52
35
52
38
37
37
39
51
50
56
56
41
41
41
40
38
38
53
53
42
42
40
40
42
53
53
55
55
42
41
38
37
39
55
55
56
56
63
46
46
43
59
59
59
43
43
43
43
43
43
56
56
43
43
43
41
39
39
39
53
55
55
56
61
61
45
45
60
62
62
62
44
44
47
62
60
60
47
46
46
46
41
41
39
39
53
53
54
56
59
62
59
58
60
62
62
59
58
44
44
60
60
60
47
46
46
46
41
41
41
40
55
55
55
56
58
62
59
45
58
60
63
63
62
44
44
60
60
44
44
44
44
47
46
46
47
47
44
44
58
58
60
60
59
63
