-377
-229
-72
-36
-193
80
-443
15
-8
-81
-175
106
-414
-164
75
-155
-172
81
-440
-59
-77
-95
-130
105
-440
-106
-87
-132
-85
104
-441
-43
100
-202
-55
82
-320
-335
88
-40
-52
55
-331
-283
-187
-36
-41
79
-476
6
-74
-42
-13
33
-476
-44
-18
-37
-7
32
-362
-173
-161
-54
-5
8
-472
-39
96
-119
6
57
-396
-226
122
-160
35
56
-315
-293
-164
-79
55
78
-405
-187
77
-67
94
31
-260
-312
164
-59
162
30
-203
-108
-301
-157
40
9
-126
-22
-78
-54
-48
72
-131
-115
-43
-129
239
43
-103
-19
-37
-61
211
335
-179
-69
14
-51
158
69
-112
22
52
-108
-8
402
-111
-36
76
-61
-58
401
-121
-42
78
-113
201
154
-116
-1
96
-216
15
49
-115
20
98
-231
217
180
-145
-77
128
-159
65
23
-113
-57
150
-48
48
94
-115
-141
153
-183
75
68
-100
-59
164
-133
26
334
-104
-130
247
-120
-3
308
1023
1023
1023
1023
1023
-1
-211
-79
-348
43
40
36
-316
12
-277
-35
76
35
-258
33
-269
62
-18
62
-383
-172
-143
-27
3
7
-452
10
-114
-3
-9
34
-364
-162
-88
50
27
6
-238
-340
-82
115
-58
54
-199
30
-36
74
3
70
-234
-58
-12
83
-25
129
-285
-8
-9
58
-38
155
-203
13
30
371
-226
285
-242
-201
51
54
183
5
-247
-63
71
351
-189
311
-186
-23
89
17
101
95
-203
9
98
101
-222
337
-166
-237
148
3
-75
22
-131
-351
162
104
41
29
-150
-344
-206
81
147
53
-128
-324
-143
0
228
52
-162
-102
145
-18
-209
48
-153
-78
-293
56
-78
63
-163
-44
-66
184
-12
103
-150
-35
-105
159
59
336
-150
-29
-147
74
-9
44
-98
-17
-135
206
5
77
-107
-10
-116
63
-129
45
-102
-5
-177
105
116
310
-108
3
155
131
70
120
-120
18
17
0
-166
73
-139
36
155
12
-91
74
-158
42
142
35
60
121
1023
1023
1023
1023
1023
-1
-340
140
-200
25
45
61
-322
209
-89
24
37
87
-454
173
-53
42
-18
60
-481
177
-15
-19
-6
59
-274
225
8
39
11
183
-423
250
15
27
-14
85
-469
170
28
-32
-33
130
-453
212
29
-1
-20
84
-499
120
36
-47
-15
58
-425
258
36
30
-8
132
-451
219
38
-1
-25
131
-298
224
41
40
32
182
-406
231
47
-4
15
109
-461
101
62
-108
-17
83
-434
84
70
-114
-118
107
-423
160
77
-88
-25
108
-257
149
-147
36
-38
88
-214
243
-18
45
31
114
-198
212
52
30
35
208
-183
66
-2
5
44
96
-175
70
-185
16
-123
89
-173
214
20
45
23
209
-165
193
26
25
9
139
-159
58
-79
15
-20
71
-145
128
-70
-53
-28
97
-130
130
0
-101
47
122
-114
210
30
10
23
140
-110
165
47
19
40
234
-105
74
172
-59
76
147
-105
54
59
-84
117
75
-103
68
-20
-170
115
24
1023
1023
1023
1023
1023
-1
-293
70
-19
95
-46
181
-266
113
-25
159
-92
207
-247
224
23
63
5
160
-405
235
14
57
-15
86
-274
242
13
70
15
136
-292
243
7
77
-2
159
-266
252
18
55
60
113
-324
259
57
103
10
112
-314
264
20
89
13
135
-340
265
-7
88
3
158
-387
268
28
50
24
133
-349
271
26
79
23
134
-373
272
27
61
18
110
-374
281
6
81
38
157
-335
281
26
81
16
111
-403
291
43
87
53
156
-244
220
-2
53
-19
184
-241
120
-28
272
-147
233
-233
219
3
64
13
137
-218
192
26
80
-14
138
-217
209
26
54
3
161
-213
80
-4
353
-198
259
-198
201
12
50
-8
185
-181
198
22
49
11
162
-156
182
25
48
10
186
-150
224
-45
55
-29
115
-146
202
7
64
-6
210
-144
181
10
46
12
163
-128
170
23
47
6
187
-127
164
31
53
-21
164
-110
171
16
57
1
211
1023
1023
1023
1023
1023
-1
-19
-97
-132
-154
-124
378
-56
-133
-119
-144
-87
377
-16
-80
-120
-119
-195
91
-50
-118
-358
-100
-11
10
-90
-160
-79
-97
-40
376
-60
-154
-91
-54
-10
46
-55
-193
-281
-35
-82
64
-79
-159
-30
-34
-7
375
-97
-176
-49
-30
-116
47
-19
-43
-15
-1
12
418
-16
-50
-19
0
8
419
-16
-60
-16
4
8
420
-43
-45
-14
4
9
445
-81
-183
-351
80
1
37
-77
-59
-266
92
113
18
-47
-79
-233
203
-159
19
-40
-105
-5
-19
2
399
-40
-79
-6
-8
1
423
-28
-77
-7
-2
8
422
-20
-71
-11
1
9
421
-54
-60
-8
-2
2
447
-48
-56
-13
5
7
446
-42
-38
-11
2
10
444
-74
-38
-4
1
2
472
-22
-37
-8
0
11
417
-67
-34
-6
1
6
471
-42
-34
-5
1
12
443
-65
-31
-6
3
7
470
-63
-30
-4
4
11
469
-29
-27
-9
4
1
416
-16
-26
-10
4
3
390
1023
1023
1023
1023
1023
-1
-87
-240
190
-113
-208
67
-59
-155
171
-36
-113
333
-62
-395
223
-29
-107
41
-30
-270
404
115
-98
230
-29
-253
172
47
-86
307
-55
-221
391
41
-62
256
-83
-185
331
-53
-37
282
-43
-130
10
5
-13
374
-22
-102
1
3
3
398
-39
-164
142
66
12
223
-29
-299
3
-36
15
21
-72
-132
358
-178
107
205
-96
-235
195
-213
123
42
-83
-152
340
-34
130
179
-70
-136
265
86
150
153
-68
-214
206
48
232
4
-63
-70
314
-243
174
231
-38
-100
2
-226
346
17
-49
-58
160
-102
-183
93
-76
-81
125
-97
65
224
-44
-40
153
-69
-82
359
-67
-54
12
-36
-20
425
-76
-84
31
-30
-39
400
-66
-44
4
-24
-10
449
-50
-85
224
-23
44
198
-57
-71
7
-17
-15
424
-60
-57
-1
-13
-2
448
-93
-46
36
-6
188
128
-79
-35
0
-6
-1
473
-44
-76
242
5
-5
172
-47
-70
183
124
147
127
1023
1023
1023
1023
1023
-1
-92
-9
-182
-64
-169
90
-86
161
3
-52
-115
98
-61
188
-120
-97
-54
123
-85
27
61
-56
-45
427
-71
78
51
-65
1
428
-71
58
-45
-94
38
403
-58
187
-20
-132
74
148
-68
77
-69
-165
101
50
-42
60
161
-147
113
173
-18
44
63
-175
169
199
-46
-21
211
-278
218
257
-59
5
0
-225
218
309
-44
-6
90
-288
224
283
-77
78
60
-303
225
206
-32
107
-131
-149
229
258
-48
117
-35
-250
256
232
-45
58
-187
-39
165
284
-22
76
-103
-11
-16
404
-62
86
-26
-34
-124
362
-35
96
-12
-40
50
429
-19
67
-1
-14
6
454
-81
-25
4
-14
-2
474
-79
-8
6
-21
-6
475
-72
10
8
-21
-6
476
-60
25
11
-10
1
477
-71
-21
17
-29
-19
450
-46
54
17
-25
-2
453
-69
4
25
-30
-13
451
-64
29
25
-28
-8
452
-79
-24
27
-48
-34
426
-91
-17
101
-49
62
360
1023
1023
1023
1023
1023
-1
-77
195
-45
28
-54
116
-45
-25
-7
4
4
442
-63
150
10
65
5
236
-63
-22
-6
6
6
468
-43
42
15
-4
6
478
-37
117
18
51
10
237
-74
151
2
16
12
165
-32
101
14
37
17
214
-47
68
-139
150
19
51
-16
53
5
-4
19
479
-51
128
-141
47
22
25
-17
129
-38
9
25
166
-27
96
12
42
42
261
-82
4
-34
-10
118
361
-71
70
-105
0
133
76
-76
63
-59
142
176
102
-98
154
21
43
12
188
-86
164
20
45
33
235
-78
138
23
48
19
212
-78
-6
210
115
38
146
-72
94
79
160
209
101
-68
140
20
40
13
189
-64
136
175
146
84
100
-61
225
31
40
29
141
-56
121
19
45
15
213
-48
101
30
14
46
260
-48
134
41
38
-5
190
-24
209
109
18
-68
99
-24
64
118
98
14
119
-17
84
21
37
20
238
1023
1023
1023
1023
1023
-1
1023
1023
1023
1023
1023
-1
45
-254
-156
-181
-121
352
61
-251
-65
-181
-114
353
13
-106
-71
-136
-121
379
24
-271
-172
-105
-62
351
15
-297
-212
-81
-95
65
-6
-301
-79
-69
-192
66
77
-125
-10
-38
-2
356
0
-258
-156
-24
14
350
6
-118
-14
3
36
373
11
-205
-107
6
66
349
44
-300
-316
24
42
38
19
-133
-15
24
10
348
75
-109
-28
29
23
322
33
-229
-67
33
-18
20
76
-435
-81
38
-27
40
-11
-272
-23
219
-14
28
-3
-68
-11
-125
-255
92
51
-91
-19
-95
-59
380
29
-39
-14
0
5
367
15
-57
-15
-1
6
394
9
-48
-19
0
6
393
39
-48
-11
-3
7
368
20
-34
-14
-5
11
366
16
-70
-12
-1
12
395
2
-42
-19
-2
12
392
45
-59
-10
-2
13
369
0
-93
-11
5
14
397
-5
-36
-10
-3
14
391
11
-82
-12
3
16
396
46
-70
-11
3
18
370
61
-92
-12
5
42
347
1023
1023
1023
1023
1023
-1
10
-256
372
-215
113
16
68
-79
9
-63
-6
381
57
-79
178
-36
-83
249
12
-105
66
-32
-66
358
48
-120
-1
-6
-30
357
40
-200
28
5
-46
332
40
-83
-9
9
20
371
61
-75
8
15
17
346
21
-100
3
17
19
372
52
-104
141
81
-59
171
14
-148
149
110
-35
197
49
-288
169
120
-53
281
59
-189
243
154
41
3
3
-290
361
189
-104
204
41
-120
253
273
7
152
28
-211
315
281
-35
178
64
-58
17
-26
-9
382
73
-57
-3
2
12
345
71
-49
-5
-2
14
344
63
-44
-3
-7
11
343
43
-42
39
-8
-34
383
52
-37
-4
-7
2
342
41
-32
-9
-7
0
341
9
-30
-8
-7
12
365
30
-28
-10
-8
6
340
66
-26
5
-8
11
317
18
-26
-7
-4
9
339
72
-25
33
-6
-3
408
20
-24
82
-23
-31
384
53
-23
4
-3
3
316
-5
-22
-9
2
0
364
1023
1023
1023
1023
1023
-1
135
-142
-333
-54
-93
11
122
-414
-218
9
62
39
115
-209
-128
86
165
27
100
-163
-106
28
110
323
91
-198
-91
37
75
324
104
-202
-55
-30
48
325
111
-117
-53
37
33
330
101
-193
-51
-94
55
326
89
-153
-49
43
-6
331
83
-188
-13
-134
-55
354
114
-238
-1
51
-3
306
92
-152
4
-94
3
355
99
-173
19
-49
68
327
77
-138
50
60
25
222
139
-267
164
150
-49
255
124
-424
351
67
-113
15
111
-103
2
-8
82
328
120
-102
-23
1
88
329
125
-101
-13
60
47
221
128
-96
11
51
-14
196
106
-71
-27
10
18
296
100
-56
-8
-10
21
321
85
-47
7
6
6
320
107
-36
-8
-15
9
295
122
-35
-26
-16
0
270
84
-34
-1
-2
6
319
78
-32
17
-38
-8
407
86
-31
2
4
8
294
85
-29
14
0
0
433
77
-28
0
-7
12
318
129
-27
-23
51
12
220
1023
1023
1023
1023
1023
-1
140
-168
-30
-41
194
26
150
-110
-90
117
1
305
169
-81
61
151
-103
2
207
-81
22
-20
-26
299
209
-197
-21
97
14
280
214
-246
125
136
-62
229
261
-187
67
163
-41
203
288
-131
-41
88
-11
254
315
-213
-280
-67
-49
12
325
-80
-78
74
-54
228
353
-384
9
61
-77
14
422
-321
-146
-22
-16
13
1070
-267
-28
248
48
467
1113
-456
91
-10
-102
493
1153
-155
-71
106
44
491
1201
-303
-33
23
-6
492
252
-25
47
-50
-136
273
237
-38
126
-69
-87
274
157
-79
92
-39
-69
248
188
-71
15
-10
-61
247
184
-33
-22
-17
-51
246
209
-30
-122
137
-27
279
146
-58
5
43
-19
170
261
-39
49
216
-2
177
190
-74
-47
-21
7
298
157
-37
-33
7
12
195
197
-76
82
-52
15
300
174
-60
-68
-46
55
297
155
-38
202
-7
66
301
144
-37
-102
127
69
304
248
-27
6
-87
81
0
1023
1023
1023
1023
1023
-1
-8
224
97
-200
-336
363
56
210
-82
-8
-143
124
79
172
18
-142
-100
387
136
149
33
68
-93
125
19
42
-68
24
-68
405
24
147
62
26
-57
118
4
159
5
2
-47
117
147
46
34
-94
-44
435
59
-7
-15
-17
-43
406
42
248
-136
-21
-36
149
94
54
-59
29
-29
168
15
42
111
-64
-26
385
26
5
130
-148
-25
250
132
1
4
-53
-20
459
19
92
75
-81
-20
386
77
9
-13
18
-20
432
38
97
-62
35
-8
167
47
59
-47
54
-17
431
121
24
-37
34
-9
194
153
-4
-37
-1
-8
169
113
-3
-22
-7
3
244
70
7
-16
24
0
457
2
-16
-10
5
0
338
2
-3
-9
10
0
312
104
1
-7
-6
-4
483
91
-15
-2
6
1
458
43
-21
-2
-4
1
315
100
-18
31
-23
-2
434
60
-8
57
0
-10
409
86
37
63
-62
-15
410
28
-16
198
209
-9
126
1023
1023
1023
1023
1023
-1
187
311
61
-198
-251
388
209
48
-208
81
-109
227
229
232
57
-167
-171
412
239
138
16
-181
-101
436
243
0
-27
-88
-103
272
275
111
-14
-174
-123
485
328
164
-5
-199
-148
461
355
458
131
-226
-254
389
361
341
103
-178
-208
413
385
239
-8
-203
-139
437
420
195
-11
-205
-167
486
494
247
3
-191
-158
462
538
326
73
-131
-186
438
558
457
144
-164
-115
414
602
261
7
-162
-143
487
693
295
13
-122
-97
463
168
117
-225
100
-39
201
233
22
-152
90
-87
253
255
141
-122
133
-20
176
313
9
-119
119
-49
202
175
219
-90
73
-95
150
212
8
-46
-114
-31
271
170
5
-31
-56
-27
245
172
38
-10
-91
-52
484
212
69
0
-142
-81
460
792
269
24
-73
-55
488
158
137
42
-151
-62
411
218
77
47
155
-28
151
858
281
62
-7
-28
464
718
385
151
-73
-82
439
159
-10
252
-46
-71
275
1023
1023
1023
1023
1023
-1
-3
37
-53
-171
137
225
9
90
-63
25
30
430
16
193
-45
-113
113
174
48
38
-31
13
6
456
56
133
-165
-69
111
200
78
61
-43
52
10
193
92
82
-34
-145
85
251
97
93
-217
-26
35
226
117
223
-163
58
16
175
139
4
-34
36
186
303
158
92
-161
12
11
252
170
47
-126
87
60
278
277
-17
-54
-26
28
1
947
102
-50
260
233
441
1073
20
-68
101
94
490
1105
-13
-68
115
148
466
136
77
-18
-69
150
277
99
-21
-10
-7
5
269
33
-16
-4
-7
6
314
20
-13
-2
-2
7
313
12
58
-22
2
11
455
76
-13
-3
8
12
268
11
50
-12
9
23
480
80
9
-9
9
14
243
81
46
-17
17
33
218
54
23
-1
17
17
242
120
26
-27
24
6
219
40
35
-18
25
13
481
36
96
-26
26
42
192
954
183
-17
26
56
489
69
12
-15
27
11
482
1023
1023
1023
1023
1023
-1
-13
39
6
18
27
286
-6
122
13
18
31
191
32
8
4
14
8
289
34
39
4
18
17
241
35
25
10
14
14
265
44
-1
9
3
6
290
46
65
7
16
32
217
48
15
6
8
10
266
58
-5
8
-2
10
291
62
2
0
6
9
267
70
-8
4
-4
6
292
80
-17
1
-1
4
293
115
62
159
-114
28
276
134
18
95
-15
157
302
728
466
107
-12
48
415
893
331
64
-2
145
440
-10
85
6
58
18
262
-7
86
11
29
15
215
-1
70
17
32
18
239
0
220
17
67
61
142
6
29
2
21
28
287
6
57
12
38
16
263
14
79
25
26
6
216
14
32
121
201
37
145
15
54
11
24
17
240
20
33
15
20
16
264
20
22
0
24
14
288
75
186
15
90
95
143
82
127
27
166
75
144
998
164
10
67
106
465
1023
1023
1023
1023
1023
-1
1023
1023
1023
1023
1023
-1
