250
-25
0
-87
79
278
-17
-55
-22
17
164
-86
71
152
-111
60
-190
248
143
49
-71
-212
201
44
235
-244
-198
45
58
177
-363
-160
-92
50
23
-378
-175
-143
-28
6
-356
-172
-163
-57
-8
-192
-107
-304
-161
39
-42
-117
-354
-97
-18
146
-141
-331
-57
-91
323
-215
-277
-66
-46
427
-323
-144
-19
-17
354
-383
17
60
-85
124
-435
347
71
-95
-26
-263
415
-191
80
-66
-75
49
-256
348
-79
-20
-298
51
187
-49
-64
-297
245
-141
36
-229
-103
102
-65
-17
-339
18
-41
-1
-162
-273
165
-40
-79
-146
-83
123
-190
55
-104
64
-26
-173
111
-47
128
-147
50
21
147
-159
-32
-43
194
120
-202
-126
93
157
-10
-267
-11
223
-21
-127
-346
170
97
50
-260
-306
163
-59
165
-405
-182
73
-60
91
-474
-43
-21
-35
-9
-473
1
-75
-42
-12
-447
9
-117
-5
-10
-309
9
-282
-36
78
-207
-83
-346
47
38
-74
-187
-351
80
5
48
-306
-314
25
47
126
-417
-218
9
62
75
-435
-75
38
-31
-70
-410
221
-19
-96
-120
-230
231
-215
90
-147
-98
-28
-156
252
-153
-25
-198
65
43
-117
-22
-159
102
-154
-63
-165
-91
-33
-59
-102
-207
-33
-77
-123
-168
-116
152
-56
-204
-117
11
86
-217
15
-71
80
-73
-154
96
-46
66
-141
155
19
-123
-323
-146
4
232
-147
-346
-204
90
146
-238
-342
-73
117
-59
-319
-336
92
-46
-42
-397
-222
121
-159
39
-472
-35
95
-113
5
-497
122
35
-44
-14
-480
175
-15
-18
-4
-450
173
-57
43
-15
-336
136
-207
27
48
-255
27
-270
67
-21
-149
-86
-294
54
-76
-52
-201
-280
-38
-81
18
-301
-212
-82
-96
-5
-301
-76
-70
-193
-91
-241
200
-117
-218
-124
-121
184
-197
54
-188
-54
19
-55
184
-205
32
-62
88
31
-168
66
-82
39
-48
-135
-15
-66
-56
-60
-131
16
22
-27
-156
-144
47
154
15
-78
-103
73
51
-65
126
-72
76
-106
10
129
-97
-18
-136
210
5
-312
-296
-168
-73
59
-329
-288
-186
-30
-41
-378
-233
-67
-36
-193
-414
-167
75
-160
-164
-441
-43
97
-201
-52
-461
101
60
-104
-19
-452
211
29
0
-20
-423
247
15
26
-13
-403
232
9
56
-12
-319
204
-95
24
36
-255
143
-149
37
-44
-173
64
-186
11
-126
-90
-14
-181
-70
-171
-15
-83
-120
-119
-196
2
-65
-11
-133
-258
-31
-34
168
-136
-214
-91
-27
160
-65
28
-186
-23
106
54
111
-194
58
26
41
68
-157
128
-62
-53
3
-113
157
-21
-66
-110
-50
208
83
15
-89
-72
131
171
157
86
-72
89
76
159
219
-79
62
-62
140
171
-167
-47
-69
182
-17
-438
-112
-92
-131
-87
-440
-66
-77
-95
-136
-442
11
-6
-87
-177
-434
81
70
-120
-116
-424
159
74
-89
-27
-407
230
47
-2
12
-372
271
28
60
18
-335
279
26
80
17
-324
257
55
103
12
-265
250
14
54
58
-213
241
-19
44
25
-149
222
-46
51
-33
-75
193
-44
24
-56
3
156
5
4
-47
40
159
57
1
-65
16
106
118
53
-12
-77
17
152
155
70
-172
6
180
123
73
-156
92
54
-66
97
-100
170
-122
-130
5
0
206
-138
-37
-151
98
158
-7
72
-131
17
-19
195
218
-13
-48
-74
182
117
154
-96
-44
31
-11
183
-239
-58
-14
84
-31
-470
165
26
-35
-39
-452
216
40
-4
-30
-426
256
36
26
-8
-388
267
28
48
23
-349
271
24
79
22
-315
263
20
89
13
-274
240
13
69
15
-235
218
3
64
13
-219
191
26
79
-13
-165
195
27
25
10
-114
213
31
10
24
-60
228
31
41
30
2
222
17
70
64
75
187
15
92
93
113
154
19
126
67
62
55
92
194
51
-53
-27
205
182
40
-136
12
239
23
68
-103
138
46
-150
128
-21
236
-155
-90
16
116
246
-154
57
-120
181
105
3
169
-78
33
-116
257
277
-3
-69
-133
266
75
154
-120
-34
71
-117
199
-287
-6
-9
69
-45
-406
294
45
87
53
-376
284
8
82
41
-341
269
-7
90
6
-292
247
7
82
0
-248
226
22
67
6
-218
209
25
55
3
-181
197
21
49
11
-146
181
10
46
10
-127
164
31
52
-21
-74
151
0
14
14
-17
129
-39
10
25
38
96
-63
37
-8
94
51
-60
31
-26
153
-3
-35
-4
-11
179
-40
-18
11
-4
106
-104
84
84
-38
-27
-118
246
75
-48
-84
-6
256
-99
68
-33
154
32
-188
165
57
241
-186
-17
58
195
192
-193
141
-56
231
0
9
234
-55
25
-204
323
280
-47
-78
-144
343
-46
135
-109
29
92
-230
221
-292
72
-18
111
-54
-300
224
38
41
32
-276
225
7
40
10
-245
220
-2
53
-19
-199
200
13
50
-7
-157
183
25
48
10
-129
171
23
47
6
-98
156
21
42
12
-68
142
20
39
11
-47
135
41
38
-5
-5
122
12
18
31
39
96
-28
25
41
81
63
-44
50
5
123
22
-36
35
-11
169
-26
-30
-8
4
180
-73
-27
13
1
96
-131
86
81
-66
-22
-123
249
47
-53
-34
5
209
-154
105
26
133
-54
-166
185
117
169
-238
49
33
251
80
-197
158
-76
248
-132
34
202
-79
7
-277
369
196
-113
-62
-124
362
-183
116
-68
83
60
-294
236
-264
113
-19
176
-95
-201
212
51
32
35
-175
214
19
45
21
-147
202
6
63
-7
-111
169
16
57
2
-80
138
23
49
19
-57
123
19
44
15
-32
103
13
36
17
-7
87
11
31
14
15
81
25
26
6
47
66
8
17
34
80
44
-17
21
36
119
24
-28
26
9
150
-6
-25
17
-3
165
-65
-23
20
19
149
-113
5
43
21
57
-144
123
69
-22
-38
-111
207
-12
12
-19
10
90
-169
135
65
102
-142
-103
139
164
104
-236
76
-37
277
-9
-147
119
-96
217
-203
104
165
-80
-20
-265
403
120
-102
-49
-69
314
-241
175
-36
113
-29
-244
260
-237
114
-15
279
-148
-112
165
46
19
40
-88
165
19
45
32
-65
151
9
64
4
-39
117
18
52
8
-18
85
22
37
20
-1
71
17
31
19
15
55
10
25
17
34
39
3
21
17
57
25
-1
15
15
79
6
-7
15
17
109
-7
-19
0
8
160
-4
-31
-42
-16
226
10
-35
-88
-63
241
-32
-18
-34
-81
235
-68
59
-5
-79
160
-81
182
-5
-71
73
-41
219
-75
-22
73
44
58
-162
84
139
93
-117
-53
85
207
62
-170
89
-45
258
-76
-89
123
-51
145
-249
148
169
-46
-47
-225
386
45
-64
-35
-28
207
-276
218
-24
96
-127
-147
231
-211
72
6
354
-201
-50
103
30
14
45
-28
99
11
42
41
-10
87
5
58
17
6
59
12
40
14
20
35
15
21
16
35
25
10
14
16
48
15
5
9
11
61
1
0
9
9
80
-11
-6
3
10
94
-27
-6
3
8
117
-37
-19
-12
3
165
-33
-40
-52
-1
257
8
-54
-123
-41
275
-24
-21
-51
-97
275
-63
72
-22
-98
221
-73
189
-35
-57
154
-16
240
-73
3
130
41
59
-115
112
160
42
-89
1
120
191
-10
-134
129
5
190
-147
-59
147
-9
54
-286
154
130
-45
-78
-192
324
-50
-43
-37
-14
87
-290
220
-40
46
-183
-42
164
-202
5
37
368
-228
-15
41
6
18
27
5
32
1
21
28
20
24
0
26
15
32
9
5
16
7
44
0
10
4
7
58
-5
8
-1
11
70
-8
3
-3
6
79
-17
2
0
2
91
-29
-1
-1
8
100
-42
-1
-1
9
113
-58
-19
-4
11
139
-80
-53
-11
37
195
-92
-91
-21
77
208
-118
-52
5
13
211
-137
21
-28
-12
177
-123
121
-50
14
144
-70
151
-48
99
141
-18
22
-23
159
141
-42
-78
62
120
139
-98
-101
123
25
100
-205
-25
94
-15
-30
-262
159
46
-82
-103
-137
238
-119
-11
-56
-3
-3
-229
212
-102
-16
-174
99
114
-248
-68
77
346
-190
1
-1
-9
10
0
20
-11
-4
-1
8
33
-16
-4
-5
6
43
-20
-1
-3
0
54
-23
5
-3
3
66
-26
5
-7
12
76
-27
0
-6
12
84
-33
0
-1
5
91
-45
0
0
8
89
-61
4
7
16
86
-88
-17
9
27
85
-139
-69
14
57
108
-202
-146
22
107
105
-226
-107
3
18
116
-228
-57
-83
-5
110
-201
3
-123
17
108
-154
29
-76
64
115
-98
-10
-9
90
112
-111
-45
24
61
88
-142
-52
52
3
32
-185
18
22
-56
-62
-158
167
-40
-115
-100
-61
159
-134
23
-103
-23
-42
-63
208
-152
-41
-104
158
54
-205
6
101
96
-224
2
-14
-10
6
0
18
-25
-8
-3
9
31
-29
-11
-7
6
41
-33
-9
-6
0
52
-38
-4
-7
3
62
-45
-2
-7
12
70
-49
-5
-3
15
72
-56
-2
1
12
68
-72
0
8
19
50
-95
5
25
33
31
-122
-13
17
36
5
-167
-60
2
32
0
-242
-162
-26
33
10
-264
-173
-72
-69
46
-256
-147
-164
-125
65
-237
-92
-207
-122
77
-212
-28
-167
-82
92
-155
4
-93
-17
83
-133
2
-56
5
51
-120
4
-16
-23
8
-94
64
-28
-73
-45
-35
156
-70
-83
-93
-15
101
-45
66
-85
3
-36
-5
122
-66
84
-26
-32
-126
-12
224
95
-203
-335
-5
-21
-10
3
1
9
-30
-9
-5
13
19
-34
-14
-4
10
29
-40
-14
-1
5
38
-48
-11
-3
7
44
-59
-10
-2
12
47
-69
-11
2
17
42
-81
-9
8
19
27
-97
-3
13
21
2
-115
1
15
24
-27
-126
0
-1
12
-65
-127
0
-24
-11
-92
-130
-35
-67
-28
-69
-108
-88
-120
-42
-23
-86
-127
-131
-72
12
-77
-104
-103
-107
44
-86
-38
-88
-89
67
-86
10
-74
-26
66
-67
25
-45
-3
45
-43
43
-16
-24
19
-15
80
-16
-32
14
44
111
-61
-24
16
90
76
-75
-19
75
170
20
-141
-99
182
310
62
-201
-252
351
459
128
-230
-254
-16
-26
-10
4
3
-5
-36
-10
-3
14
2
-41
-18
-2
12
9
-48
-19
0
6
15
-57
-16
-2
6
17
-68
-12
-2
9
14
-80
-12
1
14
3
-91
-11
4
13
-14
-101
-3
2
5
-41
-102
9
-12
-7
-64
-88
15
-37
-19
-87
-54
32
-56
-39
-103
5
63
-75
-52
-76
45
0
-96
18
-27
59
-80
-56
26
16
47
-89
20
-37
52
13
-35
15
-58
76
-31
13
-35
-24
74
-34
37
-23
-2
61
-13
57
-6
-4
84
39
62
-56
-13
157
136
43
-148
-59
224
230
60
-165
-172
355
341
105
-181
-207
553
460
143
-167
-114
724
470
104
-13
47
-28
-28
-9
4
1
-22
-37
-8
-1
11
-18
-43
-15
-3
11
-15
-49
-18
0
7
-14
-58
-15
2
7
-17
-67
-11
0
8
-24
-75
-7
-2
9
-36
-78
-5
-6
3
-51
-73
3
-15
-10
-67
-53
24
-29
-25
-75
-24
28
-48
-22
-78
12
32
-53
-23
-67
52
27
-45
-17
-37
78
3
-36
6
5
73
-40
-15
22
44
50
-52
21
0
73
15
-25
25
-23
85
-22
8
10
-9
101
-23
29
-30
-4
147
38
32
-99
-43
238
135
14
-178
-102
383
234
-8
-206
-140
533
324
76
-134
-192
714
386
154
-79
-83
890
335
64
-5
147
943
105
-52
264
233
-43
-25
-5
5
4
-41
-33
-4
0
11
-41
-37
-11
1
10
-41
-43
-14
3
8
-45
-53
-12
5
7
-49
-57
-8
-1
3
-56
-56
-2
-11
0
-62
-45
4
-21
-9
-67
-26
14
-27
-16
-68
0
28
-27
-14
-64
25
28
-26
-2
-50
50
20
-21
3
-27
66
5
-9
8
4
62
-16
3
15
42
44
-32
10
11
67
14
-23
26
-1
89
-11
-5
12
-2
132
0
5
-52
-19
210
67
1
-143
-79
325
161
-6
-200
-147
490
245
1
-192
-159
690
294
12
-125
-99
855
283
66
-10
-34
996
168
12
63
107
1023
-8
-68
114
152
1023
-264
-29
254
49
-62
-22
-5
7
8
-62
-29
-3
3
11
-63
-29
-6
2
7
-64
-32
-7
0
5
-69
-37
-5
1
2
-73
-35
-1
-4
0
-75
-27
4
-12
-2
-74
-12
7
-20
-6
-70
5
9
-20
-6
-60
18
10
-11
3
-46
32
10
-3
7
-22
44
5
-4
13
3
45
-8
2
18
33
35
-18
13
14
64
17
-19
21
12
102
8
-11
-1
-5
170
40
-10
-84
-52
274
110
-13
-172
-119
417
194
-11
-204
-165
598
261
7
-163
-145
788
271
23
-76
-57
952
186
-17
24
55
1023
24
-68
102
94
1023
-152
-72
107
44
1023
-301
-34
24
-5
1023
-455
93
-7
-103
