26
27
28
29
30
31
32
33
34
35
36
37
38
39
40
41
42
43
310
45
47
21
48
49
50
51
52
53
54
55
56
57
58
59
60
61
62
63
64
65
66
67
68
69
70
71
72
73
94
75
76
51
78
7
7
81
82
83
131
85
86
87
88
89
90
379
92
93
94
95
96
97
97
99
100
101
102
70
104
105
106
107
108
109
110
111
112
113
114
115
116
117
118
409
146
95
75
97
124
125
126
127
128
129
130
131
132
133
134
135
136
137
138
139
140
211
142
143
144
144
146
121
24
123
124
151
152
153
154
155
156
157
158
159
160
161
186
163
164
165
166
167
168
245
246
171
172
334
199
200
201
151
178
179
180
181
182
183
184
185
186
187
188
189
190
215
192
193
194
195
298
171
172
173
174
175
253
203
204
205
206
207
208
186
210
211
212
213
261
215
240
217
218
219
169
195
170
171
198
199
200
201
253
229
230
231
232
233
234
235
236
213
238
239
240
264
267
482
269
245
271
246
247
171
172
199
200
253
279
229
256
231
258
259
260
261
262
263
264
265
267
267
268
294
295
245
271
273
273
274
276
302
303
278
305
281
282
283
284
285
287
287
288
289
290
291
292
293
294
319
321
297
169
298
299
248
301
302
304
305
306
307
308
309
310
311
287
313
314
315
316
317
317
319
320
320
296
330
323
325
326
355
327
328
329
330
331
333
334
335
336
337
338
339
367
341
342
343
344
345
345
372
373
348
350
351
352
353
354
355
355
357
358
359
360
361
362
363
338
339
366
367
368
343
370
371
371
372
398
398
375
376
378
379
380
381
382
383
385
385
410
387
388
389
364
365
392
393
394
395
396
397
371
424
400
425
401
403
403
168
405
382
382
409
410
411
412
413
414
415
416
417
418
393
393
421
422
423
424
425
426
427
452
454
430
431
432
458
407
459
436
437
438
439
440
441
442
443
443
444
446
447
448
448
450
451
452
453
478
455
456
457
458
434
460
461
462
463
464
465
466
467
468
469
470
471
472
473
473
475
451
477
478
478
480
481
482
244
459
485
486
487
488
489
490
491
492
493
