47
57
54
44
57
47
46
54
44
42
37
46
37
41
21
23
21
23
5
1
5
2
1
23
4
1
0
5
4
1
0
5
1
4
0
2
2
16
4
6
16
2
17
40
40
45
16
32
45
40
44
47
45
44
40
57
45
44
41
33
41
37
20
44
36
21
20
22
22
25
3
2
17
7
26
4
17
6
7
29
33
41
32
36
21
36
33
41
5
20
0
6
3
22
27
2
11
24
56
25
29
26
56
50
44
47
57
54
40
47
57
46
33
37
44
42
6
21
37
41
1
5
21
3
1
5
2
23
1
4
0
5
1
4
0
5
4
1
0
2
4
2
6
16
4
17
2
16
17
16
32
40
33
40
45
44
40
45
44
57
33
41
44
45
20
37
41
44
21
3
36
22
2
25
22
3
7
17
4
26
7
6
17
29
17
33
32
36
21
36
41
2
6
20
5
3
3
2
22
27
24
11
56
25
29
56
50
26
6
44
57
47
6
40
47
57
4
33
37
42
0
6
21
37
1
3
5
21
1
5
2
23
9
1
4
0
8
1
4
0
8
4
1
0
8
4
6
2
4
17
2
16
6
17
16
32
16
33
40
44
32
40
45
44
32
41
33
44
20
41
37
44
3
22
21
36
2
3
22
25
4
7
26
17
10
6
7
29
2
17
32
33
7
2
36
21
3
11
5
6
11
27
2
3
29
56
24
11
29
50
28
56
1
6
44
47
4
6
40
47
4
33
37
42
0
6
21
37
0
1
5
3
9
1
5
2
9
1
4
0
8
1
4
0
12
8
4
1
8
4
6
2
10
4
2
17
10
6
16
17
24
16
33
40
32
34
40
44
34
32
41
33
22
20
37
41
3
22
36
21
5
3
2
22
10
4
7
26
11
10
29
6
11
2
17
32
31
7
2
36
30
11
5
3
30
11
2
27
29
56
11
24
4
29
28
50
0
1
6
47
0
4
6
40
0
4
33
37
9
0
6
21
9
1
0
5
9
1
5
2
13
9
4
1
13
8
4
1
12
8
4
1
12
8
4
2
10
4
2
17
15
10
6
17
28
24
33
16
48
34
32
40
48
34
33
32
51
22
37
41
30
21
3
22
5
3
2
22
11
10
7
26
11
29
10
6
48
11
2
17
48
31
7
36
51
30
3
5
23
30
27
11
23
29
11
24
5
4
28
29
8
1
0
6
9
4
0
6
9
4
0
37
13
9
0
6
13
9
5
1
13
9
5
1
12
13
9
4
14
8
13
4
14
12
8
4
10
12
8
4
11
10
4
2
15
31
10
17
62
28
24
33
63
48
34
40
63
48
34
33
63
51
37
41
30
23
21
3
7
3
5
22
11
26
10
7
24
29
11
10
48
11
17
2
55
48
31
36
37
51
30
3
21
23
30
27
2
23
11
29
5
4
28
29
13
8
1
0
13
9
4
0
13
9
4
0
12
13
9
6
12
9
13
5
14
9
13
5
15
12
9
13
15
14
8
4
15
14
12
8
28
10
4
12
29
11
10
2
50
31
17
15
49
62
28
33
54
34
48
40
46
33
34
48
37
42
41
51
23
21
20
30
3
22
7
5
25
11
26
10
56
29
24
11
54
48
17
11
55
48
36
31
37
51
30
3
21
23
30
27
3
2
11
23
12
5
4
28
9
8
13
1
8
9
13
4
14
9
13
4
14
12
9
13
15
12
9
13
15
14
9
13
30
15
12
9
30
15
14
4
31
15
14
12
62
28
10
4
59
29
11
10
56
50
31
17
50
49
62
33
47
54
40
34
47
46
33
34
37
41
42
51
23
21
20
30
25
3
22
7
56
25
11
26
57
56
29
24
54
48
17
11
44
55
36
48
37
51
30
3
21
23
27
30
25
3
11
2
12
4
5
28
10
8
9
13
15
8
9
13
15
14
9
13
15
14
12
9
30
15
12
9
31
15
14
9
29
30
15
12
62
30
15
14
63
31
15
14
60
62
28
10
59
29
11
10
59
50
56
17
50
49
33
62
47
40
54
34
46
33
47
44
37
41
42
51
23
21
20
30
25
3
22
7
56
25
26
11
54
57
56
29
54
48
17
11
44
36
55
48
20
37
3
51
22
21
23
27
25
3
11
2
14
12
5
4
11
10
8
9
30
15
8
9
28
15
14
9
31
15
14
12
31
30
15
12
62
31
15
14
63
29
30
15
63
62
30
15
61
63
31
15
59
60
62
28
58
59
29
11
54
50
59
56
54
49
50
33
46
54
47
40
46
44
47
33
37
44
51
42
23
38
20
21
25
61
3
22
56
57
26
25
54
57
56
29
46
54
48
17
44
36
55
48
20
37
3
51
22
21
27
23
25
11
2
3
14
5
12
4
31
11
10
8
29
30
15
8
62
28
15
14
62
31
15
14
63
31
30
15
60
62
31
15
61
63
29
30
61
63
62
30
58
61
63
31
43
59
60
62
42
58
59
29
54
47
50
59
54
49
50
33
46
54
47
40
46
44
47
33
46
44
37
51
61
23
38
20
61
25
22
3
57
56
26
25
57
54
56
29
44
46
54
17
37
44
36
55
20
3
37
51
25
22
21
27
26
25
2
11
5
14
12
4
62
31
11
10
62
29
30
15
63
62
28
15
60
62
31
15
60
63
31
30
61
60
62
31
61
63
29
30
61
51
63
62
43
58
61
63
43
42
59
60
42
58
59
29
47
50
59
54
50
44
33
54
47
44
40
46
44
46
47
33
46
44
51
37
47
61
38
23
61
25
22
3
47
57
56
26
44
57
56
54
41
44
46
17
20
37
36
44
3
20
37
51
25
22
27
21
7
26
2
11
5
14
12
4
62
51
31
10
58
62
29
30
58
63
62
28
51
60
62
31
39
60
63
31
39
61
60
62
39
61
63
29
43
61
51
63
42
43
58
61
42
43
60
59
42
58
59
29
40
47
50
59
40
33
44
50
40
44
47
46
40
33
47
44
41
44
37
46
41
38
47
61
42
61
22
25
42
47
56
57
40
44
56
54
41
37
17
46
20
36
37
44
3
20
51
37
2
25
27
22
6
7
26
2
5
12
14
4
50
51
62
31
39
58
62
29
34
58
63
62
38
51
60
62
38
39
60
63
38
39
61
60
38
39
61
63
38
43
61
51
38
42
43
61
37
42
43
60
33
42
58
59
33
40
50
59
32
33
40
44
32
40
44
47
32
40
33
47
32
41
46
37
41
38
47
61
41
42
61
22
41
42
47
56
36
40
44
56
36
37
17
46
22
36
20
37
27
3
20
51
29
2
27
22
26
7
2
6
48
5
14
12
50
51
62
31
39
58
62
29
34
58
63
62
34
38
51
60
34
38
39
60
38
39
61
60
35
38
39
61
36
38
51
43
36
38
42
43
37
42
43
60
21
33
58
42
21
33
50
59
16
33
32
40
16
32
40
47
16
32
33
40
32
34
41
37
34
38
41
61
36
41
42
61
38
42
41
47
38
36
56
40
49
36
17
37
49
22
36
37
51
27
3
20
48
27
29
2
52
26
7
2
52
48
14
12
39
50
51
62
38
39
58
62
35
34
58
63
34
38
51
60
34
38
39
60
34
38
39
60
35
38
39
61
35
36
38
51
36
38
42
43
23
37
60
42
22
21
33
58
22
21
50
33
2
16
33
32
24
16
32
47
24
33
16
32
49
34
37
32
48
61
38
34
38
61
42
36
38
42
47
41
51
38
36
56
51
49
36
17
55
49
36
22
52
51
27
3
53
48
29
27
53
52
26
2
61
52
48
14
19
39
50
51
19
39
38
58
17
35
34
58
34
38
51
60
34
39
38
60
18
34
38
39
18
35
38
39
18
35
38
36
23
38
36
43
22
23
37
60
27
22
21
58
24
22
50
21
27
2
33
16
26
24
47
32
56
24
33
32
50
49
34
37
49
61
38
34
51
61
42
38
43
42
38
47
49
51
38
36
52
49
51
36
53
55
49
36
53
52
51
27
55
53
48
29
61
53
52
26
57
61
52
48
28
19
39
50
19
23
39
38
19
17
35
34
18
34
38
51
18
39
34
38
18
39
34
38
23
18
35
39
23
18
35
38
27
23
38
36
27
22
23
60
27
22
58
21
27
24
50
22
28
27
2
33
58
26
24
47
56
24
33
32
50
49
34
37
51
61
49
38
51
42
61
38
55
47
43
42
52
49
51
36
53
52
49
51
53
55
49
36
55
53
52
51
63
55
53
48
57
61
53
52
45
57
61
52
