-687
-95
-39
-21
2
472
-661
-78
-15
-69
-17
473
-660
-105
-83
6
7
471
-653
-99
-86
1
-16
470
-648
-68
-62
-24
-53
469
-626
-68
-63
-37
-64
468
-576
-39
23
-127
56
474
-519
-35
6
-93
-1
334
-517
-79
38
-96
2
360
-490
-97
39
-76
39
386
-478
-72
51
-134
-7
361
-473
-156
-123
-38
-13
243
-471
-66
50
-33
78
412
-469
-197
68
-18
-15
269
-466
-65
62
-108
70
387
-464
-175
-110
-16
0
242
-432
-82
38
-67
8
362
-432
-61
72
-41
55
388
-423
-42
-1
-78
-30
336
-413
-44
-1
10
15
311
-411
-76
-9
5
5
337
-401
-129
113
-6
-35
372
-399
-114
128
-1
-17
371
-388
-125
82
-24
-10
373
-354
-56
145
-49
-125
397
-347
-88
47
-47
66
374
-330
-113
108
-56
-98
398
-324
-49
5
-50
104
375
-317
-156
-25
-216
-79
244
-315
-68
-152
-40
-10
347
-314
-93
-173
-25
-23
346
1023
1023
1023
1023
1023
-1
-578
170
-120
-20
-36
446
-562
180
-118
5
-50
445
-529
181
-104
3
0
442
-558
164
-93
-49
-47
447
-571
-24
-25
10
-11
492
-576
-21
-21
-10
-2
493
-480
149
-12
-128
-72
448
-460
187
-2
2
-39
421
-545
40
3
4
-13
467
-467
-22
7
-127
-49
335
-504
7
9
-85
-9
308
-456
3
24
-88
-42
309
-462
51
34
-79
-15
282
-508
34
64
-6
64
439
-472
-9
75
-55
89
413
-480
2
98
-179
120
475
-444
7
71
-7
50
414
-421
-18
25
-49
-25
310
-411
42
41
-67
-12
283
-400
113
19
-79
-121
422
-398
132
-165
-7
16
216
-395
165
-164
-15
-15
217
-395
58
38
-70
-13
256
-394
27
145
-145
125
476
-389
-5
54
2
-4
321
-385
107
65
-206
-85
449
-381
9
183
-7
-101
396
-370
36
18
-41
2
284
-368
24
-5
5
6
285
-336
55
15
-72
36
257
-330
14
24
-158
-165
423
1023
1023
1023
1023
1023
-1
-470
-93
-83
76
43
490
-442
-102
-59
158
47
332
-434
-41
-53
133
38
306
-558
-43
-40
13
3
491
-472
-75
-38
56
39
333
-432
-136
2
84
-16
385
-407
-133
9
158
-68
384
-474
-102
23
71
-12
359
-447
-120
26
177
-18
358
-416
-90
42
18
10
363
-419
-50
73
31
-3
389
-397
-151
80
56
-65
267
-459
-186
84
10
-13
268
-393
-107
149
13
-6
370
-426
-80
173
41
-3
294
-431
-96
182
11
-10
295
-388
-52
160
54
-38
293
-382
-98
167
26
-2
369
-376
-147
-39
117
54
411
-368
-92
169
22
-10
368
-365
-121
27
182
100
437
-363
-138
-124
77
-76
241
-352
-49
-62
129
58
279
-346
-152
-69
170
91
305
-345
-143
-49
141
-40
410
-341
-120
40
158
17
436
-335
-123
88
109
-89
266
-331
-123
-12
242
94
463
-327
-98
157
53
-6
367
-314
-115
27
177
38
462
-313
-179
-23
215
37
331
1023
1023
1023
1023
1023
-1
-556
187
-119
22
-54
444
-540
187
-112
20
-33
443
-414
245
-24
79
-12
418
-467
-23
-23
37
23
307
-472
212
-10
30
0
420
-486
-18
-9
47
50
464
-443
222
-8
56
-4
419
-536
40
-6
23
-3
466
-538
29
-4
12
17
465
-449
12
31
22
2
281
-492
57
44
19
-22
441
-490
51
50
20
22
440
-437
20
60
28
-16
415
-488
-12
76
15
71
438
-408
73
212
43
-30
395
-411
96
223
58
5
394
-406
19
3
121
3
280
-397
10
21
17
-10
255
-392
250
-24
72
-12
417
-392
3
30
31
17
320
-378
93
220
88
12
393
-377
250
-25
34
11
416
-369
16
13
26
0
319
-352
95
233
107
32
392
-346
-20
150
84
-62
292
-346
12
10
109
-10
254
-334
29
-22
39
-19
318
-333
91
237
92
33
391
-323
1
-28
93
22
253
-322
-7
145
68
-29
291
-321
93
236
52
33
390
1023
1023
1023
1023
1023
-1
-224
-231
78
-83
-116
301
-212
-168
-30
-84
-54
425
-196
-209
-54
-118
-49
430
-214
-194
-40
-78
-44
429
-288
-97
-92
-152
-21
276
-267
-223
34
-164
-10
302
-242
-90
-58
-80
16
277
-222
-84
-132
-87
20
404
-301
-129
114
-187
34
270
-191
-124
-26
-325
37
245
-193
-183
117
-156
39
328
-278
-106
2
-125
52
234
-198
-122
41
-124
60
272
-223
-139
-83
-71
76
238
-193
-110
103
-290
111
271
-181
-86
-66
-182
150
246
-303
-98
-172
-34
-23
345
-302
-166
43
-31
-21
399
-296
-131
29
-63
-42
235
-288
-108
-174
-27
-21
344
-263
-118
-83
-41
-42
403
-246
-103
-172
-18
-55
342
-240
-143
-112
-33
-88
275
-237
-108
184
-38
-10
455
-227
-122
220
-68
-18
456
-224
-77
11
-59
-49
487
-212
-215
-10
-63
51
303
-211
-149
-144
-19
17
340
-210
-166
-131
-59
64
339
-205
-174
-120
-68
35
338
-185
-117
145
-52
-44
460
1023
1023
1023
1023
1023
-1
-263
90
-114
-177
-185
218
-273
-13
-106
-82
53
348
-275
44
-62
-95
-68
250
-268
-58
-50
-67
103
313
-281
-35
-25
-42
-2
209
-285
66
-13
-62
50
258
-269
-74
8
-164
-134
424
-281
43
37
-105
40
322
-273
-64
56
-94
47
260
-276
-66
62
-71
-45
261
-266
18
99
-20
15
288
-299
-8
111
-48
6
286
-305
57
113
-198
-79
450
-299
-3
113
-63
2
287
-276
-18
153
-136
63
296
-309
49
181
-36
76
477
-259
-69
-64
-48
40
312
-256
-25
-56
-21
92
314
-253
-1
-19
-116
-52
208
-245
66
-27
-42
60
350
-243
-13
-29
-66
-15
251
-239
54
-74
-101
123
349
-237
54
15
-35
0
378
-232
-11
154
-84
-72
451
-223
-49
58
-20
-73
262
-216
24
83
-63
18
324
-210
63
60
-170
89
323
-205
27
-65
-91
77
212
-204
-54
140
-72
1
298
-198
196
-94
-68
-30
230
-196
-16
174
-220
92
297
1023
1023
1023
1023
1023
-1
-296
110
-147
115
-10
215
-291
-136
-118
142
-99
240
-279
-115
-73
76
100
278
-288
-137
-66
-13
-27
402
-283
-42
-56
25
67
252
-308
28
-43
38
-13
317
-311
-20
-24
-15
53
376
-290
63
-13
0
3
259
-286
-1
1
5
-48
377
-280
-66
34
185
-89
383
-300
-125
61
240
-16
357
-312
-109
106
64
-38
265
-284
-1
157
56
31
290
-295
-103
168
63
12
366
-295
46
177
137
5
484
-280
-114
178
37
32
365
-279
-148
-54
-17
24
401
-278
-141
-100
276
19
489
-278
-141
-82
43
-27
239
-277
74
197
72
29
478
-272
-169
-30
-12
49
400
-272
42
-47
39
-7
316
-272
-115
-167
-18
-23
343
-271
-112
190
-5
21
364
-269
-106
22
48
-32
435
-267
74
171
90
25
479
-267
-98
83
11
-10
461
-263
79
170
38
15
480
-261
91
178
-3
28
481
-260
-101
101
7
45
264
-258
-122
-67
168
-33
488
1023
1023
1023
1023
1023
-1
-239
-233
-49
136
117
304
-230
-211
-35
-17
-51
428
-234
-132
36
0
-100
236
-236
-108
159
19
-28
454
-246
-96
136
90
76
458
-225
-95
148
73
-12
453
-240
-93
-76
96
-100
409
-243
5
130
56
55
289
-226
18
-130
46
-96
249
-239
24
-59
46
30
315
-242
30
25
50
-108
351
-230
52
-126
46
17
213
-232
68
-145
177
-19
214
-253
79
215
63
50
483
-247
98
203
-17
42
482
-220
154
-124
3
-13
229
-217
-48
-31
25
-19
210
-217
-217
-51
20
5
427
-217
-44
48
123
-117
325
-215
-113
-166
6
-47
341
-211
-117
188
3
39
457
-210
-66
158
53
-32
452
-208
-86
45
170
-100
299
-200
102
-52
50
20
227
-197
108
-88
70
17
228
-195
-215
-61
12
21
426
-191
92
-54
-9
19
226
-187
-63
63
16
19
263
-184
-148
-118
0
94
432
-181
-99
-42
162
-7
273
1023
1023
1023
1023
1023
-1
1023
1023
1023
1023
1023
-1
-175
-212
15
184
5
330
-171
-136
-34
-33
-38
434
-163
-189
-97
-82
28
431
-161
-92
109
197
-65
356
-156
-143
149
-124
-74
327
-156
-98
165
-16
-56
459
-143
-108
-64
-31
39
237
-143
-66
62
88
-168
326
-142
-200
45
-24
25
329
-142
-130
32
161
-175
300
-129
-115
-68
215
-93
274
-114
-83
120
24
-4
355
-113
-141
-81
-48
-31
433
136
-66
-49
41
105
105
138
-136
-29
92
158
104
214
-87
-204
-3
160
78
240
-10
-192
-39
166
79
-134
-48
-133
6
-136
408
-92
-25
-131
-44
-69
407
-174
-46
-128
-120
96
405
-172
-15
-105
-55
83
406
-111
-57
-98
239
6
248
139
-15
-97
-42
-6
106
-149
-42
-80
113
137
247
-129
1
-23
-43
51
211
15
-37
104
-110
-71
133
-156
-25
106
-129
-75
486
-147
-55
124
-117
60
354
34
-25
137
-83
-22
134
-21
3
187
20
-21
132
30
-9
205
192
11
130
1023
1023
1023
1023
1023
-1
278
-46
46
-64
61
155
304
-50
-39
-126
-47
109
417
-41
-85
-13
-75
122
419
-45
57
-256
0
110
428
-31
-179
-70
-69
129
444
-45
6
-124
-148
123
510
-71
83
-207
-131
124
513
-45
-91
-253
-169
84
530
-51
-118
-56
-201
97
531
-56
136
-282
26
111
570
-124
26
-109
69
125
595
-96
-102
-143
-190
98
601
-34
-31
-202
-131
59
601
-150
-133
-4
-77
37
602
-145
-48
-317
-110
85
616
4
-41
-18
-93
72
345
-18
189
197
-227
153
306
-81
142
98
-173
154
467
-94
-202
126
-108
128
523
1
-181
3
-79
96
522
-86
-34
89
-46
119
508
-120
-132
189
-38
127
600
-23
-45
20
-15
11
607
-161
-156
98
-8
36
583
-101
46
151
6
118
427
-17
-40
62
29
120
406
-11
-74
59
38
121
544
-136
-52
82
111
126
605
-37
-58
108
114
10
576
-16
-202
167
181
101
604
-102
-182
6
228
100
1023
1023
1023
1023
1023
-1
653
-277
-142
64
-127
62
759
-417
-53
26
-124
88
771
-361
-84
-13
-111
87
698
-256
-57
-194
-99
86
696
-210
-147
17
-69
61
641
-252
-113
-16
-65
63
728
-155
11
13
-38
17
750
-395
-63
-32
10
89
753
-153
-24
-66
38
23
711
-154
-43
-10
74
18
645
-205
-128
-100
87
64
653
-159
-96
85
92
92
789
-159
-52
-77
97
24
654
-158
-139
-111
147
65
695
-329
-49
-25
169
90
658
-257
-34
35
171
91
633
-127
-141
-159
21
99
658
-122
-84
-125
-92
60
713
-148
15
-33
-89
22
772
-118
-27
-10
42
25
692
-142
33
-4
-127
21
701
-107
-25
0
83
19
705
-117
23
14
-27
20
730
-137
225
20
-17
113
737
-149
201
32
29
115
752
-145
19
40
-52
15
746
-145
52
47
-108
16
656
-124
-90
55
3
35
745
-146
236
56
-15
114
679
-141
154
81
65
116
625
-119
122
141
60
117
1023
1023
1023
1023
1023
-1
632
-102
-119
-106
-6
38
671
-55
-115
-161
93
39
661
-82
-89
-10
131
66
686
-68
-37
-75
89
40
645
-78
-28
-39
-88
34
623
0
-23
-45
69
74
633
-7
-21
-114
-50
73
635
0
17
-65
-97
12
669
-65
19
-40
-68
7
680
-77
20
-24
4
6
619
-29
27
-97
-103
33
705
-55
39
-111
-21
14
664
-23
59
-53
-82
47
700
-36
64
-19
-149
2
666
-21
71
-54
-61
48
639
-85
197
-149
7
112
625
-55
-154
70
9
93
657
-72
-7
65
46
9
671
-90
8
31
30
4
677
-98
14
50
68
5
663
-76
19
16
-58
8
690
-99
21
10
-68
3
632
-20
27
54
58
45
661
-9
29
34
-1
46
707
-29
43
30
36
51
712
-62
52
77
-6
41
710
-37
59
47
-65
42
681
-56
73
27
-17
43
686
-36
80
6
33
49
640
-48
81
42
59
44
707
-33
93
45
79
50
1023
1023
1023
1023
1023
-1
-126
11
112
-149
-18
353
-12
13
59
-93
22
159
153
28
-106
-95
-105
107
-180
67
93
-62
83
380
-58
74
-10
-67
58
185
-27
83
100
-71
33
160
-179
84
49
-124
97
379
-149
86
-57
-284
-121
219
-109
106
-68
-206
94
220
-106
152
-20
-84
55
186
-127
208
-120
-99
22
231
-78
224
-110
-95
25
232
85
262
17
-39
-15
206
152
345
-141
-143
-113
194
152
421
-224
-189
-208
193
58
471
-281
-86
-170
192
-31
539
-264
6
-24
191
-74
489
-248
-23
44
190
40
295
-160
7
142
202
-139
129
-156
3
-58
183
-104
82
-150
13
54
184
23
258
-122
1
117
201
25
256
-118
-5
3
200
-81
219
-111
-4
-10
233
-104
162
-110
-23
-226
182
66
307
-39
-12
-86
205
-158
97
-12
-21
-63
225
-171
167
5
-5
-125
224
-179
44
72
9
-120
352
62
189
102
0
150
161
-170
41
162
-26
-86
485
1023
1023
1023
1023
1023
-1
556
60
-11
-130
-181
58
407
16
-151
-85
-176
83
391
466
45
-18
-142
167
295
98
-129
-10
-103
82
181
6
-96
-77
-91
108
487
224
37
5
-68
26
166
249
-115
5
-60
195
287
142
-134
-43
-31
81
343
200
-144
-31
-24
52
374
225
-88
-70
5
53
432
222
35
13
16
55
404
247
2
-62
24
54
271
91
-191
-72
83
80
180
220
52
-37
213
175
230
302
41
-64
237
176
199
387
45
10
281
163
372
363
62
-1
-156
168
687
50
105
-11
-138
1
526
197
66
-55
-89
27
608
12
75
-43
-76
32
554
135
128
-45
-63
28
677
15
62
-139
-42
13
292
74
217
-93
59
149
169
58
170
-2
65
181
360
119
251
-146
94
150
468
291
331
-52
100
138
165
20
195
-70
109
135
406
101
278
12
110
151
215
543
64
-4
116
164
391
178
238
-134
238
137
289
90
186
-127
240
136
1023
1023
1023
1023
1023
-1
-171
8
67
123
-128
382
-120
185
-41
113
-82
223
-66
139
43
94
-82
157
-17
149
50
137
-172
156
9
206
3
41
-76
198
14
192
-62
42
-102
199
49
350
-106
22
-139
204
225
110
182
28
-130
180
238
205
151
107
-248
179
247
293
116
139
-172
178
362
258
25
65
-135
169
484
118
-41
14
-113
103
486
139
0
15
-169
57
555
151
116
135
-90
143
562
37
6
38
-93
71
589
193
207
93
-110
142
-132
39
99
19
-53
381
-7
21
205
139
-27
131
135
115
43
107
-60
173
166
122
38
98
-34
172
249
48
103
110
-23
147
335
553
34
64
-41
166
337
183
3
148
-25
170
376
44
239
172
-52
152
406
22
114
143
-39
145
421
187
21
61
-50
56
490
92
108
164
-69
144
556
90
64
54
-35
70
609
86
40
42
-35
77
619
254
297
63
-59
141
658
85
110
30
-51
0
1023
1023
1023
1023
1023
-1
-65
240
-107
24
77
187
-54
98
-76
21
151
221
-33
371
-181
79
131
189
-29
275
-137
128
146
188
-25
65
-94
203
78
222
45
368
-169
23
-14
203
110
260
-53
124
36
197
173
195
-142
160
43
196
531
31
-131
45
49
95
544
75
-190
168
41
102
550
22
-96
41
30
94
603
79
20
52
7
69
615
76
38
140
89
76
620
22
-12
92
140
75
645
63
-41
61
36
68
666
21
-44
92
71
67
-61
84
50
15
32
158
45
202
53
23
50
207
148
259
50
34
300
162
148
169
90
37
49
174
247
29
214
28
-14
148
253
351
102
50
54
177
285
150
50
143
47
171
292
50
53
121
-4
146
292
590
54
84
28
165
552
68
86
73
22
30
564
72
128
26
-7
29
574
307
338
82
27
139
581
43
87
73
-22
31
605
312
320
99
16
140
1023
1023
1023
1023
1023
-1
1023
1023
1023
1023
1023
-1
