628
99
107
29
-68
665
52
106
-27
-152
676
-38
74
-25
-138
664
-93
38
5
-48
651
-81
23
45
47
665
-91
30
55
68
660
-63
31
-31
-7
652
-59
20
-35
-74
656
-70
27
15
-57
644
-66
-12
71
63
586
-36
-63
108
101
604
-35
-31
1
-57
636
-5
23
-81
-93
675
8
58
-157
-19
704
-74
40
-81
-5
750
-152
32
69
-53
728
-132
62
39
-115
714
-152
18
16
-24
691
-145
-39
-8
86
683
-99
-18
10
77
695
-114
32
8
-43
683
-135
42
-21
-126
712
-139
23
-49
-72
755
-146
-14
-64
56
781
-152
-31
-53
96
753
-104
-9
15
32
457
230
20
-4
-74
504
203
73
-70
-80
530
148
138
-44
-38
540
93
129
32
11
533
90
91
85
7
573
56
93
66
-51
591
19
63
-66
-94
608
-33
10
-101
-111
645
-83
-47
-39
-74
646
-133
-108
61
12
591
-170
-165
94
-25
610
-150
-119
-26
-85
637
-105
-116
-126
13
674
-64
-114
-170
103
693
-82
-30
-44
78
719
-63
47
101
-9
691
-30
43
47
-39
663
-44
71
44
7
614
-29
81
49
60
610
0
32
55
36
651
4
43
11
-24
653
-12
64
-69
-73
661
-10
82
-52
-42
676
-15
102
31
54
693
-10
113
72
84
684
-6
52
35
8
314
177
-151
-35
-11
353
219
-90
-75
31
381
248
-8
-56
49
407
220
17
18
15
403
184
2
54
-87
486
128
-20
-12
-199
550
35
-31
-167
-185
604
-67
-50
-210
-125
669
-145
-109
-120
-77
695
-235
-162
26
-73
644
-290
-142
63
-132
651
-239
-111
-31
-32
645
-197
-119
-109
115
650
-149
-119
-102
152
670
-72
-79
7
97
678
19
-55
90
35
619
64
-49
71
65
583
84
5
79
28
533
86
41
68
-42
537
41
1
23
-117
595
22
-23
-58
-110
621
-15
-31
-118
-13
612
4
-35
-27
104
612
30
-34
109
137
614
77
0
135
54
593
82
10
19
-68
191
-101
-190
-2
175
233
-15
-208
-52
159
259
79
-214
-77
64
274
125
-153
-50
-61
294
67
-161
-25
-121
419
-10
-164
-116
-172
508
-71
-70
-281
-148
609
-172
-30
-308
-98
703
-278
-36
-167
-95
765
-374
-57
5
-106
746
-420
-31
28
-105
740
-364
-55
-24
71
675
-296
-29
-11
200
648
-223
-21
46
146
659
-142
-88
68
23
621
-46
-124
47
-34
522
7
-97
68
74
526
-4
-168
70
40
516
-33
-204
2
-110
516
-66
-129
-107
-227
596
-109
-141
-191
-172
650
-166
-193
-144
69
625
-125
-233
1
190
605
-55
-270
139
101
573
19
-247
126
-19
499
54
-92
-11
-104
110
-115
2
98
147
113
-59
-15
36
65
113
-23
-60
-48
-40
129
15
-69
-102
-111
173
-21
-60
-79
-58
303
-55
10
-139
-9
414
-34
98
-260
32
534
-37
176
-257
37
641
-61
229
-118
9
721
-107
253
39
-17
730
-117
250
62
-13
707
-111
200
62
51
646
-102
148
107
70
599
-82
118
142
44
572
-72
62
108
-23
502
-52
3
56
-43
404
-21
-44
96
40
407
-37
-64
82
-21
412
-62
-50
-25
-106
428
-59
33
-177
-134
500
-96
88
-212
-74
573
-152
55
-61
89
544
-165
-7
67
39
513
-167
-69
154
-89
477
-145
-126
91
-97
440
-85
-136
-62
2
0
17
205
193
-6
-30
43
226
125
-34
-31
4
201
-9
-36
-1
-25
126
-114
-57
33
-10
171
-61
13
170
51
209
-56
145
284
125
187
-117
266
378
236
257
-118
221
462
333
325
-28
89
556
344
327
94
20
574
345
320
107
12
561
293
287
107
-39
539
223
183
114
-122
511
184
111
122
-111
464
134
129
104
-71
382
64
103
100
-18
277
37
42
156
-29
252
45
153
126
-83
247
30
252
8
2
281
75
240
-125
116
354
120
284
-117
137
417
112
315
60
81
391
58
289
142
-100
362
0
264
167
-197
318
-36
221
103
-77
289
-12
116
4
122
-45
156
13
125
-172
-80
150
9
76
-53
-55
79
24
-21
34
-27
38
48
-102
32
-25
114
81
-50
47
66
215
61
23
166
139
282
10
42
299
174
433
13
-2
243
198
562
26
1
98
269
599
17
83
18
280
587
24
87
-3
314
489
26
29
-125
305
376
57
14
-206
298
276
40
32
-171
291
222
19
74
-10
260
145
5
108
89
151
110
40
129
-54
140
149
56
103
-66
152
201
81
20
92
174
242
49
-44
246
221
326
53
-31
220
267
378
85
72
8
277
309
103
81
-178
278
235
117
59
-186
243
170
131
54
-39
184
110
131
88
76
-142
142
-115
-21
-186
-160
120
-178
8
-15
-104
82
-138
-15
54
-91
99
-2
-92
42
-116
165
-52
-66
40
-76
235
-131
54
65
-54
262
-149
133
132
-79
370
-203
49
110
-102
471
-260
-27
33
-66
518
-268
5
-20
-37
512
-276
-15
-63
65
419
-242
-142
-224
88
340
-136
-156
-211
108
250
-103
-91
-110
127
209
-158
67
57
111
173
-109
142
99
11
191
-7
72
-89
20
222
-101
23
-74
18
276
-140
-20
31
16
267
-140
3
113
39
318
-200
19
91
52
388
-200
16
-51
77
370
-131
-36
-107
97
325
-85
-56
-63
81
288
-54
-1
-16
41
234
-22
102
13
-282
-30
-9
-97
-24
-304
-61
-10
-15
-5
-213
-62
-12
9
-9
-165
-7
-24
-79
54
-225
5
-72
-75
61
-243
19
-123
74
1
-249
39
-139
175
-26
-336
76
-145
83
-5
-414
95
-159
-14
11
-417
135
-155
-7
-1
-393
132
-136
-45
-41
-227
74
-69
-239
-177
-136
77
-75
-291
-55
-68
44
-79
-195
28
-51
5
-112
98
71
-49
23
-117
228
68
-146
115
-46
56
-50
-182
97
-20
-15
-24
-238
123
-12
-17
-11
-225
109
-38
57
-6
-223
98
-84
64
-2
-240
144
-100
-18
-23
-201
195
-63
-88
11
-142
200
-71
-93
49
-131
207
-82
-33
9
-133
213
-92
61
-52
-290
-116
3
-104
39
-305
-136
37
-38
-61
-215
-128
16
0
-62
-170
-117
-71
-61
61
-246
-136
-54
-61
44
-281
-150
-72
66
-47
-298
-145
-103
135
-100
-389
-162
-102
55
-54
-465
-190
-94
-20
-7
-480
-168
-118
-26
-6
-448
-163
-105
-73
-25
-261
-143
-19
-278
-45
-176
-139
-38
-325
45
-105
-136
-52
-189
42
-88
-162
-87
119
21
-107
-111
-130
254
56
-228
-20
-119
61
59
-279
0
-31
-2
37
-362
43
-3
0
18
-371
56
23
74
-24
-376
24
39
88
-21
-409
23
37
-13
-21
-386
70
27
-77
13
-330
61
9
-64
55
-322
47
-7
-13
21
-333
44
-14
51
-39
-273
-75
52
-85
17
-275
-70
50
-57
-55
-207
-55
48
2
-38
-207
-78
70
5
51
-279
-82
115
0
22
-311
-101
114
75
-50
-337
-115
100
103
-86
-407
-150
96
50
-51
-455
-177
101
9
-13
-474
-192
78
-6
-16
-424
-200
64
-71
-41
-243
-120
106
-250
55
-169
-151
110
-289
85
-95
-153
62
-132
22
-73
-179
8
126
-51
-116
-157
-42
236
-51
-246
-134
-90
93
68
-290
-66
-72
14
55
-392
-22
-67
13
59
-423
19
-39
71
8
-434
37
12
90
-5
-459
25
31
-12
-2
-449
57
4
-90
-16
-387
40
-10
-76
-24
-377
27
-18
-27
-19
-381
10
-49
24
-17
-297
-23
116
-52
1
-300
-16
107
-52
7
-257
4
104
17
33
-253
-11
135
63
81
-303
9
142
39
26
-324
1
141
72
-31
-349
-11
147
80
-54
-394
-46
158
53
-29
-422
-67
172
38
0
-435
-94
181
15
-22
-373
-113
178
-61
-58
-232
-26
164
-186
90
-140
-57
167
-231
93
-67
-87
123
-90
1
-63
-120
95
112
-96
-129
-144
69
210
-131
-239
-198
16
151
19
-296
-150
-3
37
38
-405
-123
-26
21
53
-444
-77
-69
69
37
-464
-21
-61
91
27
-480
-18
-24
0
24
-501
-11
15
-94
-41
-449
-23
37
-85
-71
-436
-45
36
-32
-14
-432
-74
12
27
32
-249
-73
-57
-62
56
-260
-64
-48
-61
90
-236
-27
-69
8
59
-227
14
-76
55
20
-282
27
-73
19
0
-302
23
-69
36
-13
-331
25
-43
30
-19
-366
11
-7
21
-2
-384
4
5
24
16
-384
-13
33
-4
-15
-326
-20
77
-73
-27
-236
42
45
-142
102
-131
31
61
-184
78
-53
1
61
-88
-4
-50
-18
47
48
-82
-106
-61
30
140
-126
-193
-138
39
182
-19
-274
-127
49
73
-6
-383
-147
43
42
-12
-448
-126
5
85
10
-488
-81
-31
96
29
-483
-76
-32
11
31
-499
-62
7
-108
-13
-458
-33
41
-119
-41
-433
-60
14
-42
8
-423
-89
15
45
27
-204
-162
-98
-74
45
-211
-157
-112
-45
46
-209
-139
-128
7
-10
-221
-111
-139
19
-52
-270
-115
-140
-23
-36
-283
-118
-147
-18
-25
-298
-111
-157
-30
-25
-310
-103
-159
-35
-26
-318
-98
-163
-27
-21
-318
-74
-138
-43
-7
-281
-15
-86
-77
61
-256
36
-70
-90
109
-160
61
-21
-130
20
-103
71
40
-97
-41
-100
61
29
-14
-43
-140
4
18
91
-46
-191
-40
44
191
-17
-285
-23
88
98
-19
-373
-68
100
50
-45
-447
-94
95
85
-37
-494
-107
48
88
-44
-475
-117
27
24
-20
-473
-110
23
-107
23
-449
-65
30
-131
38
-425
-77
17
-30
36
-411
-77
25
63
0
-270
-94
184
-2
37
-282
-90
180
46
35
-301
-77
175
75
4
-335
-74
171
63
-13
-382
-77
189
26
-8
-393
-83
186
29
-6
-405
-92
169
14
-6
-410
-102
150
2
-14
-412
-117
137
0
-30
-398
-110
109
-17
-2
-356
-67
59
-40
78
-335
-54
24
-49
73
-238
-10
24
-99
18
-188
37
32
-96
29
-196
47
27
-16
41
-225
40
36
111
45
-265
59
56
191
13
-336
79
67
82
-23
-363
3
65
-13
-118
-400
-55
37
-7
-149
-439
-130
11
23
-112
-410
-166
-3
31
-16
-416
-161
5
-50
100
-434
-86
27
-87
102
-428
-71
58
-2
40
-418
-54
53
66
-17
-327
99
217
58
45
-341
103
220
97
42
-362
110
211
108
29
-388
111
197
86
4
-422
108
204
56
2
-416
84
196
39
-31
-387
18
165
-12
-97
-358
-46
129
-52
-123
-333
-103
93
-57
-97
-303
-153
21
-30
-15
-281
-160
-52
-7
46
-282
-145
-52
-22
5
-219
-89
-45
-89
7
-186
-56
-87
-116
46
-190
-68
-109
-51
4
-204
-79
-125
71
-32
-258
-46
-140
143
-19
-322
-40
-149
50
2
-279
-125
-125
-121
-150
-317
-152
-74
-144
-175
-352
-184
-33
-53
-69
-325
-206
-51
77
93
-346
-180
-24
75
207
-443
-39
75
-14
95
-444
-1
81
22
7
-441
6
64
49
-32
-389
246
-29
44
8
-405
249
-35
75
-16
-429
243
-40
72
-19
-458
221
-27
46
-12
-484
211
-31
22
-4
-468
188
-22
-4
-39
-407
113
0
-86
-120
-337
16
6
-163
-169
-276
-71
-9
-168
-139
-219
-166
-51
-85
-60
-206
-220
-78
11
10
-216
-213
-60
7
6
-181
-162
-46
-72
14
-176
-154
-50
-114
8
-168
-178
-64
-85
-74
-174
-202
-116
19
-88
-256
-186
-149
116
-6
-329
-175
-120
77
37
-217
-239
-48
-169
-143
-259
-226
39
-246
-121
-293
-214
58
-97
29
-259
-223
-6
181
176
-290
-179
-29
239
237
-465
8
64
47
66
-487
55
60
26
-20
-491
49
52
26
-39
-540
169
-98
11
-12
-555
172
-107
24
-45
-573
165
-111
22
-56
-582
156
-106
0
-46
-597
147
-107
-23
-32
-573
144
-81
-50
-41
-493
130
0
-129
-70
-397
90
74
-208
-85
-315
39
120
-201
-81
-243
-32
162
-85
-79
-220
-91
166
51
-38
-223
-105
144
63
3
-209
-82
131
-8
34
-219
-88
165
-53
17
-211
-101
199
-47
-53
-221
-129
188
47
-56
-302
-143
139
150
-5
-340
-168
125
113
-20
-201
-164
235
-150
-82
-204
-167
202
-278
5
-219
-169
97
-90
65
-200
-189
30
270
98
-260
-134
-5
343
105
-461
-21
-64
89
57
-523
33
-22
14
-8
-540
41
8
-4
-28
-622
-80
-71
-44
-83
-645
-89
-69
-29
-56
-646
-128
-97
-1
-10
-656
-127
-88
1
13
-681
-118
-45
-28
0
-655
-101
-23
-71
-20
-571
-60
18
-126
62
-478
-14
97
-178
128
-393
8
147
-141
134
-311
37
193
-34
79
-278
64
211
71
31
-265
67
179
87
34
-257
82
167
36
33
-257
93
173
-1
31
-247
96
204
-9
25
-260
69
227
71
24
-329
3
195
158
-31
-311
-58
147
89
-135
-160
13
199
-152
14
-152
-24
157
-272
145
-146
-95
42
-56
17
-146
-116
-4
281
-103
-248
-86
-1
330
-95
-454
-117
-93
119
46
-532
-75
-78
22
44
-570
-16
-20
-28
-6
