26
27
28
29
30
70
32
33
34
35
36
37
38
39
40
41
42
43
45
45
46
47
48
49
50
46
52
53
54
30
169
58
58
59
60
61
62
63
64
66
66
67
68
69
70
71
33
73
45
75
76
77
78
79
80
81
82
83
84
85
86
87
88
89
90
91
35
93
95
95
96
97
98
99
93
101
102
83
104
106
133
107
108
109
110
111
112
114
114
115
44
118
119
119
120
120
122
123
124
125
126
127
128
129
355
131
132
133
134
135
136
137
138
139
140
141
142
143
144
30
147
154
181
150
150
139
143
153
154
155
156
381
211
159
186
207
188
163
164
165
165
169
169
169
56
30
173
173
174
175
164
177
178
179
172
174
183
183
184
185
186
187
188
189
190
191
191
192
194
194
196
196
198
173
200
201
189
207
200
194
205
197
209
377
210
211
212
213
214
318
216
216
285
230
219
220
222
222
223
226
229
315
213
229
230
231
225
187
234
235
210
237
403
402
240
241
242
243
337
302
431
433
274
274
409
316
285
319
280
310
284
257
285
318
260
261
210
457
364
265
266
267
269
269
373
271
327
329
274
274
304
252
285
280
280
414
283
284
285
318
286
286
289
289
290
291
292
293
294
295
398
297
354
355
300
300
304
400
333
490
307
492
308
310
362
333
312
312
210
315
316
317
318
319
319
321
284
323
379
159
355
300
273
265
385
385
333
333
360
335
362
359
238
339
341
341
343
402
344
345
346
347
348
349
379
353
225
381
273
290
293
359
359
359
386
362
362
363
264
365
366
367
368
369
370
371
371
371
374
375
251
324
226
315
479
254
321
336
267
385
412
388
388
389
390
391
392
393
394
395
396
397
398
399
402
403
277
212
433
341
488
343
276
244
398
331
463
388
415
415
416
417
418
419
420
421
422
423
424
425
427
427
431
431
434
341
488
239
430
244
234
331
463
438
441
441
443
444
444
446
446
447
282
449
449
451
452
453
457
298
456
454
366
266
301
302
328
331
463
464
466
467
468
469
470
471
472
473
474
475
476
477
478
479
483
482
482
479
484
292
353
354
272
356
488
490
491
493
