59
63
54
61
54
45
59
44
45
54
44
47
46
42
45
47
46
47
45
42
46
47
42
45
45
46
47
42
45
44
46
37
46
45
47
42
46
39
61
47
39
61
46
41
38
37
44
46
44
45
54
37
54
45
44
37
45
42
47
46
43
40
42
46
43
42
46
40
40
42
43
46
41
42
46
44
42
46
41
45
42
46
40
45
42
46
43
45
42
46
40
45
41
42
44
45
41
42
44
40
42
46
41
40
52
59
54
63
54
59
44
45
54
44
45
47
63
46
47
45
63
46
47
45
59
46
47
45
54
45
46
47
45
44
37
46
44
45
46
42
43
46
39
61
38
46
41
39
37
44
38
46
44
37
45
54
44
37
45
54
44
42
45
46
47
46
42
43
47
46
42
43
47
46
42
43
46
44
39
42
46
45
39
42
46
45
42
40
45
46
42
43
45
46
42
40
47
45
42
44
47
42
44
40
46
47
42
40
53
52
59
54
53
59
54
44
53
54
44
45
63
61
46
47
57
63
46
45
52
59
45
46
52
45
54
46
37
44
45
46
42
44
45
46
40
43
46
39
40
38
41
46
40
37
44
38
41
44
37
45
44
42
37
45
44
42
46
45
61
46
47
43
61
46
47
42
61
46
47
43
59
46
39
44
57
45
46
39
45
52
46
42
44
45
42
46
46
42
45
40
61
44
47
42
61
47
44
42
59
46
47
42
33
53
52
54
34
53
54
59
53
54
44
45
52
61
63
46
52
57
46
45
52
36
45
46
36
52
45
54
37
44
45
46
40
42
44
45
40
43
46
39
40
41
46
38
40
41
38
44
41
44
37
45
41
42
44
37
43
46
42
44
46
43
61
47
61
46
47
42
61
46
39
43
38
46
44
39
37
45
57
46
37
42
45
52
42
41
44
46
46
42
40
45
39
61
44
42
61
44
42
47
52
59
46
42
33
54
52
53
34
35
54
53
35
53
54
45
48
52
61
63
52
35
57
45
36
52
45
46
36
54
45
52
37
45
44
46
45
42
44
40
43
47
46
40
43
46
40
41
43
40
41
44
47
45
41
44
39
42
41
44
38
43
46
42
38
61
46
47
39
61
46
47
39
38
61
46
36
39
38
44
36
37
45
57
36
37
45
52
37
46
44
42
39
46
42
45
38
39
44
61
38
61
44
42
36
52
42
46
33
62
54
53
58
35
54
34
35
51
54
53
35
48
52
63
35
52
57
45
55
36
52
45
55
54
36
52
55
37
45
44
55
45
44
42
63
47
46
43
63
46
43
40
59
44
43
40
57
44
47
45
57
44
39
42
59
38
46
43
63
38
61
46
58
39
61
46
38
57
39
61
54
36
38
39
55
36
37
45
55
36
37
52
63
46
42
44
57
39
46
45
38
39
61
44
38
61
44
42
36
39
52
46
56
62
33
54
58
35
34
54
35
51
54
53
48
35
52
63
49
35
52
57
62
55
52
36
60
55
54
52
53
55
44
37
55
53
44
45
63
61
46
47
63
61
46
43
57
59
44
43
57
44
45
47
57
39
44
42
59
61
38
46
63
61
38
46
58
39
61
46
58
57
38
39
62
54
36
39
53
55
36
37
55
52
36
37
62
63
46
44
57
39
45
46
57
38
39
61
58
38
61
44
62
36
52
39
50
56
62
33
50
34
35
58
50
35
51
53
48
49
35
52
49
35
52
57
60
62
52
55
60
52
55
54
60
53
55
37
50
55
53
44
50
63
61
46
50
63
61
46
49
57
59
44
49
57
44
45
49
57
39
44
60
59
61
38
60
61
38
63
56
58
39
61
58
57
39
38
50
62
54
36
50
53
55
36
60
52
55
36
62
58
63
44
50
57
39
45
49
57
39
38
51
58
38
61
60
62
52
36
20
33
50
56
25
34
35
58
30
35
51
50
35
48
49
52
23
35
49
52
29
60
62
52
29
60
52
54
15
60
53
55
6
50
53
55
6
50
63
61
7
50
63
61
23
49
57
59
48
49
57
45
49
48
39
57
60
38
59
61
60
38
61
63
56
58
39
61
31
58
57
38
29
50
62
54
29
50
53
55
29
60
52
55
29
62
58
63
23
50
57
39
49
57
39
38
51
58
38
61
60
62
58
52
17
20
33
50
18
25
35
58
30
51
35
50
32
35
48
49
18
23
35
49
24
29
62
60
24
29
60
52
10
15
60
55
1
6
50
55
1
6
50
61
2
7
50
61
16
23
49
57
32
48
49
57
33
48
49
39
33
60
38
59
33
60
38
61
28
58
56
39
26
31
58
38
7
29
50
62
14
29
50
55
14
29
60
55
6
29
58
62
7
23
50
57
7
49
57
38
7
51
58
38
15
58
62
60
21
17
20
33
21
18
25
35
30
51
35
50
30
35
32
48
26
18
23
35
25
29
24
62
11
29
24
60
9
10
15
60
1
2
6
50
1
6
50
61
2
7
50
61
17
23
16
49
32
48
49
57
33
48
49
39
33
60
38
59
33
60
38
61
28
56
58
39
24
26
31
58
7
14
29
50
14
12
29
50
14
13
29
60
6
5
29
58
6
7
23
50
7
49
57
38
7
51
58
38
15
14
58
62
21
20
17
33
21
25
18
35
28
30
51
35
28
30
48
32
25
26
23
18
15
25
29
24
15
11
29
24
10
9
15
60
9
2
6
1
9
1
6
50
3
2
7
50
23
17
16
49
35
48
32
49
33
48
49
39
33
60
38
59
33
60
38
61
28
56
58
39
26
24
31
25
8
14
7
29
8
12
14
29
12
14
13
29
4
5
6
29
5
6
7
23
6
7
49
57
2
7
51
58
8
14
15
58
22
20
17
21
22
21
18
35
30
35
28
51
29
30
28
32
26
24
25
23
24
15
29
25
15
24
29
11
14
15
9
10
14
2
9
6
7
6
9
1
7
3
2
50
23
22
17
49
48
35
49
32
48
35
33
49
33
35
60
38
33
35
60
38
31
28
56
58
25
31
26
24
8
10
7
14
8
12
14
29
8
12
14
13
8
4
6
5
1
5
6
7
5
6
7
49
2
7
51
58
8
14
15
58
17
22
20
21
19
22
18
35
30
28
35
51
30
28
32
29
26
18
24
25
24
29
25
15
18
24
29
15
18
10
15
14
3
2
14
6
3
1
7
6
20
3
7
2
22
23
17
49
48
35
49
32
48
35
49
33
51
35
33
60
58
33
35
60
31
56
28
58
25
31
24
26
10
7
14
8
8
9
14
12
8
9
12
13
8
9
6
4
1
5
6
7
2
5
6
7
2
7
51
58
9
8
14
15
27
21
22
17
25
18
19
22
25
28
30
51
11
28
30
29
10
25
26
18
10
25
15
29
9
15
18
24
2
10
15
14
2
3
6
14
2
3
1
7
3
2
7
20
3
17
22
23
22
35
48
32
23
48
35
49
31
35
51
33
29
58
35
33
27
28
56
31
15
24
25
26
7
14
10
8
2
9
14
8
9
8
12
13
8
9
6
4
1
2
5
6
2
5
6
7
2
7
51
58
9
8
14
15
15
27
21
22
15
25
22
18
14
25
28
30
14
29
28
11
13
26
25
10
13
15
10
25
7
15
9
18
3
2
10
15
3
2
6
14
18
2
3
7
24
20
3
2
18
22
17
3
16
22
32
35
23
35
48
49
33
31
23
35
30
29
33
35
27
28
31
56
26
24
15
25
16
7
10
14
3
2
9
14
3
9
8
12
11
8
9
6
11
2
1
6
2
5
6
7
13
7
2
51
13
9
14
8
14
15
22
27
14
15
22
25
12
14
30
25
12
14
29
28
12
13
26
25
4
13
15
25
6
7
15
9
7
2
3
15
20
3
2
6
16
18
3
2
30
24
3
20
30
18
17
22
32
16
22
35
32
35
23
48
32
33
31
23
30
32
33
29
27
28
31
56
26
24
11
15
16
7
10
14
3
16
2
9
17
3
9
8
11
27
8
9
11
24
2
1
13
6
5
7
13
7
2
51
13
14
9
8
12
14
15
22
12
14
15
25
12
14
25
30
4
12
14
29
4
12
13
26
4
13
15
25
5
6
7
15
7
6
2
3
7
20
6
3
22
18
3
2
30
3
20
24
28
30
18
22
30
32
35
22
23
19
32
35
19
32
23
33
28
30
32
33
25
28
27
31
11
15
26
24
16
10
7
14
16
3
2
9
17
3
9
8
11
31
27
8
11
27
24
2
12
13
7
5
12
13
2
7
5
13
8
14
