   1395
    941
    837
    872
   1191
    474
    887
    387
    151
    555
    556
   2481
    334
    922
   1519
   1064
    706
    459
    645
    573
    482
    501
    691
    481
   1131
   1606
   1342
    875
   1471
   1378
   1239
   2686
   1335
    506
    582
    622
    723
    825
    804
    272
   1376
    660
   1342
   1337
   3350
   1394
   1523
    604
    632
   2091
   1879
   1149
   1604
   1182
   1291
  51964
  10111
  23853
   2446
   1559
   1525
    948
    276
   1587
   1010
  14415
   1726
   1569
   1682
   1820
   1319
   1467
   7247
   1693
  13497
    910
   2696
   2790
   1147
    548
   1203
   1768
   2535
   1966
   2367
   1327
   1695
   1283
   1027
   4910
   3046
   2171
    906
   3375
   2967
   3325
   2696
   3819
   4319
   7043
  48663
  14170
  12590
  24049
   2343
  20461
  41501
   2199
   3182
   4040
   2867
   2716
   2569
   2679
   1302
   3729
  11787
   7326
  12802
   4023
   1838
   4276
   2796
   4186
   4024
   4338
   8275
  10029
   9823
  10014
  58786
   1699
   1363
   1096
   3091
   2674
   2027
   4439
   2533
   2007
   2130
   7321
   4561
   3660
   6485
  31534
   6778
  27797
  17661
   9223
   3816
  66603
  65623
   8038
  17651
  14522
   2346
  26374
  14542
   1152
  19426
  14130
  80687
   5353
   2443
   2080
   2023
  57062
  25839
   7030
  19898
 103468
    810
   1402
   3259
   1667
  58791
   3814
   4725
   9804
  18843
   9788
  18819
   2880
    928
   2659
   1842
   1766
   1159
   3942
   1389
   1699
   2871
  10326
  13919
  15118
  11413
   8877
   1459
  52662
   1942
    474
  13554
 108904
  28930
  16630
   5832
   7411
   3791
   6294
    929
   2666
   1445
   2307
   1219
  19474
   1735
    759
  34159
  67200
   4979
  10123
  15674
   3594
   9874
   3147
  14233
   9279
   4614
   1617
   3052
   3455
  23057
  23588
    855
   1156
  11087
   2243
   9250
   6895
    405
   2704
    547
    411
  25138
  23466
  65488
  26140
  26463
  28066
  33828
   5686
    570
   4584
   3886
   3281
   2910
    533
   3198
    834
   1118
    457
   7280
  15609
   6615
    394
    257
    589
   2418
    295
  10415
   7345
  54260
  16380
  22693
   4814
  15781
   1146
   9409
   4578
   2214
   4878
   3583
   2990
   1908
   3528
    295
     98
   2878
   1106
   1000
    104
    179
    158
    204
    181
   8374
   2656
  15987
  15255
  18952
   6071
  15279
   4188
   8358
   1213
   4389
   9643
   1474
   4365
   3098
   4991
    617
   2951
   8619
    714
   1450
    741
    547
    463
    693
    687
  10418
   2295
   9218
   2530
  20310
   8903
   8770
   6122
   5983
   1042
   2041
   2247
   1943
   1486
   1686
   5031
   2085
    963
   3526
    963
    927
   6976
    423
    253
    149
    259
    557
    946
  11755
  12546
   6790
  13083
  11918
   9510
   4146
   6798
   2363
   2515
   1931
   5638
   2668
   2608
   7183
    674
    969
    985
    841
    732
    770
    767
    429
    859
    859
   1469
   5021
   4764
   9144
  13927
  23799
   8736
  14082
  21344
  10264
   4218
  14848
   6979
   2058
   1838
    613
    603
    819
   1021
    639
    458
    482
    385
    336
    691
   6139
   4621
    861
   9320
  13276
   7408
  11926
  13698
  19556
  16817
  26256
  23837
  44276
   2943
   1496
    925
    285
    316
    583
    751
    666
    501
    460
    418
    388
    531
    965
    268
   3950
   5027
   6673
  13952
  14257
  10453
  12814
  15024
  16338
  25618
  25564
   2122
    338
    467
   1042
    455
    841
    908
   1084
    806
  13883
    518
  12590
    676
    829
    445
   4624
   2623
   2804
   3075
  10348
   8196
  35312
  48550
   6304
  22424
  15533
   5472
    580
    340
    634
    533
   1051
    586
    654
    642
    528
    326
    463
    305
    302
    207
   3347
   1402
    358
   3572
   5066
   8032
   9762
  33325
   9907
  22070
  35840
   2790
   4906
    402
