59
54
45
47
46
47
45
45
46
46
39
38
45
54
45
43
43
42
42
46
42
42
42
42
42
46
52
54
54
63
63
59
54
37
44
43
38
37
44
44
44
47
47
47
39
39
53
45
45
47
47
47
53
53
53
61
57
52
52
37
42
40
40
40
41
42
46
61
61
61
59
57
52
44
53
61
61
59
33
34
53
52
52
36
36
37
40
40
40
41
41
41
43
46
61
39
38
37
37
41
42
39
61
52
33
35
35
48
35
36
36
37
45
47
43
43
47
39
38
38
39
38
36
36
36
37
39
38
38
36
62
58
51
35
35
55
55
55
55
63
63
59
57
57
59
63
58
57
54
55
55
63
57
38
38
39
56
58
51
48
49
62
60
53
53
61
61
57
57
57
61
61
58
58
62
53
55
62
57
57
58
62
50
50
50
49
49
60
60
60
50
50
50
49
49
49
60
60
56
58
50
50
60
58
50
49
51
60
20
25
30
35
23
29
29
15
6
6
7
23
48
48
60
60
58
31
29
29
29
29
23
49
51
58
17
18
30
32
18
24
24
10
1
1
2
16
32
33
33
33
28
26
7
14
14
6
7
7
7
15
21
21
30
30
26
25
11
9
2
1
2
17
32
33
33
33
28
24
14
12
13
5
6
7
7
14
21
21
28
28
25
15
15
9
9
9
3
23
35
33
33
33
28
25
8
8
12
4
5
6
2
8
22
22
28
29
24
24
15
14
14
7
7
22
48
35
35
35
31
26
10
8
8
8
1
5
2
8
17
19
30
28
18
24
18
18
3
3
20
22
48
48
51
58
31
25
10
9
9
9
1
2
2
9
27
25
25
11
10
10
9
2
2
2
3
3
22
23
31
29
27
15
7
2
8
8
2
2
2
9
15
15
14
14
13
13
7
3
3
18
24
18
16
23
23
30
28
15
16
3
3
11
11
2
13
13
14
14
12
12
12
4
6
7
20
16
30
30
32
32
32
32
28
11
16
16
17
27
24
13
13
13
12
12
12
4
4
4
5
6
7
22
30
28
30
19
19
28
25
11
16
16
17
31
27
12
12
5
0
0
0
0
0
0
0
5
7
21
26
27
29
29
29
27
15
25
48
35
32
32
28
8
8
4
