-334
-126
44
-50
-108
320
-339
-83
40
-35
-108
466
-393
-71
23
-17
-51
469
-390
-57
-31
-55
-20
346
-374
-55
-33
-13
-20
373
-373
-55
-2
-25
-60
465
-381
-54
44
-50
-28
470
-336
-52
-18
-58
-36
407
-424
-40
-10
-29
-18
468
-349
-36
35
-31
-43
437
-382
-35
-25
-60
-5
426
-408
-34
-30
-29
-12
483
-366
-31
6
-45
-21
436
-339
-31
-32
14
-5
380
-396
-20
-29
-33
-14
464
-374
-18
-11
-52
-20
427
-334
-39
64
-25
-57
438
-328
-48
68
-74
-80
467
-326
-109
17
-20
-109
374
-311
-105
-11
-35
-74
381
-306
-44
17
-33
-69
408
-300
-130
60
30
-144
347
-300
-69
97
-3
-67
439
-287
-46
64
-29
-74
409
-285
-109
73
-71
-132
375
-284
-34
32
76
-105
293
-283
-91
88
-4
-84
390
-283
-145
-6
4
-56
355
-273
-46
112
-37
-63
410
-265
-193
98
-48
-98
294
-261
-56
115
-99
-97
376
1023
1023
1023
1023
1023
-1
-409
-22
-26
-59
24
452
-418
-19
-23
-54
17
478
-393
-34
-16
-49
13
458
-398
-17
-24
-46
7
485
-403
-29
-26
-44
-3
484
-412
-24
-60
-43
33
372
-419
-35
-24
-38
3
477
-412
-37
-30
-36
23
451
-420
-25
-42
-34
0
482
-413
-27
-30
-24
6
456
-425
-34
-32
-22
3
476
-400
-32
-53
-20
16
398
-398
-42
-22
-20
0
457
-419
-36
-38
-19
20
450
-404
-37
-51
-16
17
424
-423
-39
-30
-13
26
442
-392
-27
-60
-33
34
399
-391
-43
-42
-35
12
425
-388
-16
-11
-51
24
459
-387
-19
-57
-45
35
400
-386
-58
-20
-18
0
416
-380
-88
-8
9
5
443
-375
-40
-68
-6
34
405
-375
-30
-21
-43
24
432
-374
-30
-16
0
19
431
-374
-18
-23
-62
29
433
-360
-51
-49
-46
6
406
-359
-75
12
-53
24
444
-351
-25
27
-87
52
445
-335
-88
-22
9
24
417
-324
-47
-26
-66
72
418
1023
1023
1023
1023
1023
-1
-415
-9
-77
-46
34
493
-411
-13
-71
-34
19
492
-408
-12
-63
-28
12
491
-411
0
-61
-35
26
490
-401
-2
-57
-40
37
403
-409
6
-52
-35
15
422
-405
-4
-51
-37
16
489
-415
-3
-44
-24
13
423
-402
-11
-44
-38
8
488
-425
-13
-42
-34
12
481
-434
-9
-33
-27
17
475
-422
-8
-33
-34
24
455
-400
-7
-33
-37
19
462
-417
-4
-26
-38
25
479
-408
-5
-25
-45
23
453
-428
2
-21
-23
24
474
-398
-11
-32
-30
5
463
-397
-5
-33
-28
9
487
-395
-5
-24
-29
11
486
-391
0
-23
-24
20
461
-389
3
2
-40
15
429
-387
28
41
-26
43
472
-387
5
-64
-26
31
402
-385
-4
-60
-36
32
401
-379
-14
52
-63
14
471
-372
-1
-1
-30
-17
428
-359
42
25
-40
71
446
-338
64
-41
-37
46
420
-322
6
-30
-89
75
419
-300
115
-78
-44
-81
223
-280
67
124
-60
3
377
1023
1023
1023
1023
1023
-1
-394
-14
-60
-16
39
404
-363
-11
-6
-19
-9
435
-388
-6
-6
-15
24
430
-427
-4
-32
-23
23
449
-406
-2
-47
-22
2
397
-363
-1
-14
-23
12
434
-417
1
-31
-18
19
480
-384
2
-12
-22
25
460
-410
5
-28
-21
23
454
-394
11
-31
0
4
371
-416
13
-21
-18
33
448
-378
27
-20
17
16
345
-388
30
-41
-12
-4
396
-404
36
13
0
41
473
-382
58
3
1
57
447
-370
59
-54
-9
17
421
-357
81
14
40
24
370
-343
12
1
35
-20
319
-338
52
-14
41
58
379
-320
123
-17
32
-22
395
-317
126
49
92
58
344
-307
89
66
12
50
378
-299
18
18
109
3
354
-286
-12
-75
65
-47
224
-280
61
55
-22
-32
197
-272
168
39
128
50
318
-268
184
104
111
102
353
-265
50
16
167
31
328
-262
46
-131
96
-64
250
-261
200
90
78
40
369
-257
143
28
-16
1
394
1023
1023
1023
1023
1023
-1
-160
-135
-5
-165
18
190
-12
-147
5
-130
-23
305
-185
-166
-153
-87
143
216
-106
-211
-28
-51
-1
304
-65
-266
15
-41
-79
278
-158
-169
-7
-38
27
330
-185
-205
-99
-29
164
242
-29
-132
-165
5
174
243
-30
-319
19
20
-90
252
-40
-171
-190
25
126
33
-250
-168
-15
49
-11
329
-9
-197
23
53
114
269
-213
-188
-38
92
8
303
-192
-204
-37
113
-12
277
-181
-191
-64
143
-14
251
-143
-235
-35
175
-90
225
-93
-90
-250
-163
77
8
-18
0
-236
-31
-14
218
-133
-112
-225
-15
110
7
-78
-53
-194
-58
88
217
-208
-63
-105
116
31
215
-230
-51
-65
130
29
241
-42
-5
-20
12
82
361
-162
-97
-11
60
-82
189
-57
3
-9
-76
-187
193
-85
-108
-1
-95
64
331
-13
4
-1
-9
70
332
-65
0
0
-31
-56
191
-32
14
6
310
-121
136
-73
14
12
-11
109
360
-237
-59
16
122
-94
267
1023
1023
1023
1023
1023
-1
-62
92
-206
-108
-104
220
7
342
-213
-84
-175
274
-17
38
-250
-76
-85
219
-86
238
-229
-65
-215
248
-122
135
-150
-58
-111
221
-225
202
-158
-32
-206
249
9
27
-331
-20
-23
9
-200
138
-116
-19
-117
222
-185
299
-159
-4
-155
275
-11
122
-331
19
13
16
-236
56
-106
149
-74
276
5
409
-103
163
-84
5
-168
213
-48
229
-65
240
-158
201
-50
233
-76
214
-76
106
-203
280
36
6
-25
59
-152
346
65
32
-252
44
-44
161
20
302
-213
216
-3
177
-39
292
-210
289
-17
53
69
301
-176
223
-28
210
-85
266
-110
137
0
253
-162
188
-63
377
-25
-1
-71
213
-63
332
-9
0
-90
187
-57
287
-9
24
-94
161
-57
425
-2
43
-17
291
-53
407
-30
5
-62
239
-47
275
-4
66
-66
135
-43
322
7
-54
115
300
-39
428
-32
14
-61
265
-21
17
-18
47
-166
192
-17
296
14
130
-26
109
1023
1023
1023
1023
1023
-1
-37
-178
216
-222
0
138
-108
-143
171
-189
-37
164
-106
-216
286
-84
-218
349
-198
-241
64
-41
3
268
-207
-136
35
-30
-23
356
-36
-167
285
0
-52
415
-61
-187
106
7
-56
137
-197
-223
168
17
-232
348
-228
-136
181
23
-139
440
-92
-151
210
42
-72
365
-65
-259
228
59
-83
322
-113
-186
123
67
39
295
-200
-190
142
75
-139
321
-103
-157
212
104
-30
414
-32
-159
55
163
104
173
-82
-237
36
177
-68
199
-251
-100
46
-29
-90
382
-233
-62
67
86
-114
198
-210
-84
105
-42
-43
383
-207
-121
96
17
-72
391
-204
-48
155
28
22
413
-195
-47
99
-83
-25
392
-188
-112
248
-46
-140
441
-185
-113
168
31
-58
364
-174
-39
159
-12
6
384
-152
-93
68
-63
52
357
-121
-134
102
8
-115
163
-86
-119
149
64
32
338
-70
-70
249
-82
-42
366
-42
-90
396
-89
-139
350
8
-37
208
-53
-85
167
1023
1023
1023
1023
1023
-1
-249
-37
142
-9
-50
411
-155
-28
148
97
-31
172
-236
-27
159
0
-19
412
-118
-20
93
40
111
387
-150
-17
157
15
40
385
-147
2
136
10
84
386
-167
37
181
28
-68
171
-214
57
73
-104
13
393
-129
110
74
0
-99
195
-211
129
44
5
-30
196
-125
140
165
20
3
170
-167
217
176
-1
50
368
-173
226
252
38
110
352
-201
273
133
94
128
343
-217
276
105
128
147
327
-131
347
89
74
102
317
-64
62
38
280
-189
162
-99
60
48
-105
-130
194
3
10
203
44
-62
165
-6
65
219
-51
-50
168
-36
14
217
72
-47
145
-35
124
203
40
-31
169
-92
71
243
-103
5
367
-22
128
200
16
23
144
-89
149
371
-58
41
351
-72
-3
57
25
103
359
-101
-13
89
0
109
358
-63
20
143
54
118
146
-75
283
223
-26
142
342
-76
311
227
12
197
326
1023
1023
1023
1023
1023
-1
1023
1023
1023
1023
1023
-1
264
-204
-140
-72
-217
19
224
-71
-167
-111
-128
124
124
-216
-240
30
-126
18
157
-126
-160
30
-62
44
201
-2
-122
43
-48
123
27
-19
-313
88
-34
17
72
0
-364
65
-2
10
224
-50
-203
-16
21
37
50
-244
-104
10
42
59
89
-56
-348
-39
71
11
134
-7
-309
-75
87
245
226
-90
-134
-21
101
149
139
-203
-102
-216
117
60
82
-78
-233
-6
145
244
21
-151
-220
-189
147
34
252
-82
-162
-38
249
271
130
-265
-15
95
181
174
71
-255
-67
2
16
85
23
-234
7
19
2
111
162
-218
-26
-234
88
86
137
-190
-54
199
7
362
207
-176
-7
199
-92
336
151
-168
-50
56
220
270
133
-152
-55
116
185
148
234
-97
-58
-30
-29
45
59
-54
-77
389
-85
84
149
-31
-64
105
101
122
17
-27
-52
347
-81
110
34
-23
-88
385
-30
58
215
-5
20
-38
32
234
33
-4
6
-11
-85
335
1023
1023
1023
1023
1023
-1
381
-162
-14
-109
-121
20
426
-208
-29
-12
-64
104
506
-99
21
-82
-50
79
389
-146
10
-66
-46
130
410
-231
-23
29
-30
52
536
-137
20
-66
-30
53
433
-245
-13
60
-28
26
346
-239
0
85
-20
337
575
-158
-10
-49
-14
27
270
-252
-24
54
-7
363
401
-216
-59
17
-6
78
318
-88
-13
-47
21
288
269
-108
-16
135
55
287
502
-161
-110
-28
69
1
365
-203
-97
92
79
0
276
-166
-66
-35
188
175
278
-47
-202
-142
17
150
380
-50
-150
-102
73
176
494
-1
-84
50
-52
181
534
-14
-59
63
2
232
566
-2
-51
-16
-49
233
351
-40
-35
-29
-96
63
365
-4
-34
-39
-143
153
325
2
-25
71
47
236
337
-48
-17
13
47
262
288
-54
-12
114
74
261
434
-64
-6
-53
67
202
651
-68
-3
69
108
50
337
-14
-3
-46
-27
89
463
-46
0
94
-116
154
388
-57
15
-13
-174
127
1023
1023
1023
1023
1023
-1
90
-222
86
-230
50
112
52
-212
103
-141
-99
279
203
-301
78
-140
41
227
114
-278
115
-122
-74
253
197
-89
125
-96
30
314
48
-95
253
-95
27
340
52
-224
324
-35
5
323
137
-154
104
3
282
297
114
-225
167
23
12
389
36
-376
30
50
-60
226
99
-354
26
52
70
200
18
-171
193
61
6
339
50
-102
70
71
57
312
29
-197
123
87
193
296
167
-149
80
89
34
313
16
-176
99
157
53
388
155
-21
181
21
-160
309
121
-6
132
-17
-160
308
117
-2
70
12
-132
307
174
-38
174
-19
-124
280
197
-51
27
73
-95
70
222
-8
231
47
-92
281
87
-4
36
-16
-89
306
208
-6
83
64
-88
96
185
-41
32
23
26
260
146
-61
22
68
42
286
226
-54
177
-41
90
72
124
-60
382
-46
112
324
70
-31
253
6
126
141
13
-52
37
103
213
147
179
-6
42
-83
318
298
1023
1023
1023
1023
1023
-1
248
-84
174
-65
-6
254
279
-240
31
-76
148
201
289
-98
56
-69
65
46
297
-130
140
195
-55
310
322
-71
75
-111
-64
182
349
-104
34
-90
-31
156
365
-73
106
-70
75
228
392
-85
202
166
81
284
403
-154
103
96
70
311
425
-107
76
59
-105
101
468
-73
140
74
152
285
493
-165
104
109
-9
75
501
-66
47
92
-149
128
538
-101
87
67
-72
102
548
-90
34
126
93
49
626
-142
107
41
1
76
499
-49
62
-118
-119
105
226
-57
90
-56
-75
98
236
-7
278
43
-57
282
475
-5
87
-14
-56
21
504
-25
46
35
-54
155
384
-35
91
118
-44
74
281
-29
291
75
-29
283
273
-17
48
-98
-25
208
526
-4
91
7
-11
129
454
-10
77
107
0
48
227
-7
99
49
20
71
228
0
103
-14
92
115
514
-28
51
14
99
259
460
-54
71
100
132
258
376
-9
144
92
133
257
1023
1023
1023
1023
1023
-1
38
211
-290
-123
-162
247
169
283
-259
-187
-79
273
134
113
-346
-103
-44
246
35
146
-308
-49
-18
15
80
156
-301
-106
-8
14
216
17
-254
95
-3
36
100
30
-188
70
7
43
153
63
-353
-41
28
13
249
2
-154
-77
30
38
122
2
-348
-101
33
12
144
30
-252
-23
41
35
271
62
-112
-10
54
39
207
176
-120
-41
67
40
92
142
-197
33
103
42
167
154
-201
25
132
41
282
79
-276
-119
144
272
101
325
-37
-243
-42
238
76
305
-21
-238
-25
212
134
366
-27
-222
-41
264
68
314
18
-201
7
186
125
390
19
-175
-4
290
189
525
-36
-120
-53
4
273
64
-44
-117
0
237
266
100
-13
-61
13
211
10
13
-18
-35
-39
334
163
111
0
-12
29
68
12
6
-21
6
16
333
84
44
5
9
170
121
255
117
-60
108
124
67
26
409
-53
186
-37
31
25
367
1
199
-2
57
1023
1023
1023
1023
1023
-1
286
80
6
-194
-5
289
288
34
-100
-11
0
61
307
68
-35
-148
-11
263
317
40
-28
-5
-5
87
355
48
19
-72
-68
64
363
58
-99
16
-107
152
419
85
-103
0
-52
179
438
327
-78
-183
17
3
441
117
-109
4
-86
178
464
71
-134
15
-88
177
504
112
-80
8
-26
204
510
58
-50
8
-22
203
532
157
-137
-107
120
25
557
23
-99
-131
36
2
613
64
17
-126
-7
28
634
80
-9
-129
47
51
368
61
-156
40
-68
151
320
2
-130
40
-81
125
495
105
-121
31
0
205
611
55
-111
72
161
24
530
29
-106
24
-77
207
530
52
-103
103
-62
206
364
37
-92
110
-105
62
472
28
-88
124
-49
180
347
13
-59
22
-109
126
473
29
-53
62
92
231
382
64
-37
120
-63
88
292
20
-15
89
63
235
575
30
-15
106
129
23
347
73
0
107
16
210
447
75
6
67
125
230
1023
1023
1023
1023
1023
-1
27
351
145
-91
114
316
28
79
284
-123
71
341
49
209
328
-89
205
325
60
332
24
-167
36
160
79
382
44
-123
40
134
92
229
23
-166
213
299
153
490
74
-96
35
82
164
93
164
-168
57
315
179
524
63
-112
25
56
212
553
29
-110
-40
30
433
37
54
-100
-63
131
452
321
77
-118
19
55
489
350
27
-142
-3
29
527
87
80
-98
-49
80
566
67
72
-115
-18
54
642
46
81
-132
31
77
170
43
94
-74
-98
95
502
136
87
-85
-83
106
329
95
28
-64
-44
90
175
32
67
-29
-44
94
389
306
93
-27
-26
107
360
82
69
-37
-25
183
429
157
47
-11
-19
132
382
73
45
-77
-13
157
416
303
85
-78
-1
81
181
119
94
-6
9
117
126
457
82
-81
25
108
222
31
98
-11
50
113
212
78
105
-53
60
116
545
38
70
-69
82
103
61
40
230
-39
123
142
1023
1023
1023
1023
1023
-1
11
329
21
180
0
83
48
2
205
125
-99
166
108
4
168
98
-28
119
109
148
140
19
-18
118
163
52
27
17
-105
69
212
189
56
20
-14
92
248
55
81
110
-102
97
304
133
48
9
-77
91
310
20
24
61
-35
99
315
33
103
76
-14
73
325
75
20
25
8
209
350
103
75
7
-54
65
359
5
26
84
-73
100
376
120
47
93
0
184
378
9
86
28
-10
47
390
146
24
52
6
158
317
244
49
-6
32
133
280
156
36
-5
27
185
65
46
90
5
104
120
285
198
28
11
49
159
43
100
192
15
81
143
279
195
32
19
16
66
68
31
252
24
55
139
436
76
83
56
128
229
319
32
216
67
99
255
530
50
77
72
26
22
339
34
194
91
136
256
273
63
95
125
66
114
231
24
38
143
15
93
107
36
259
153
91
140
1023
1023
1023
1023
1023
-1
1023
1023
1023
1023
1023
-1
