505
-34
-49
-97
-8
481
176
-25
-108
-15
266
427
-1
-159
-6
44
475
-18
2
-53
-168
328
-40
134
-61
-317
126
-55
78
-48
-405
-34
-35
-61
2
-325
-67
-84
60
51
-257
-118
-134
33
98
-197
-105
-165
-70
98
-120
-55
-230
-67
68
-25
-15
-311
30
31
27
-52
-348
6
68
55
-23
-356
-93
41
84
42
-365
-87
-6
113
66
-387
-6
2
82
85
-381
-64
5
45
88
-368
-94
-13
101
5
-330
49
-140
182
-114
-231
67
-246
266
-200
-85
-58
-209
362
-117
44
-85
-103
464
4
79
46
27
517
35
10
86
124
541
65
-93
48
159
467
173
-151
-91
114
506
18
44
-96
-22
474
201
52
-61
-7
255
413
47
-124
13
29
449
13
-6
7
-174
322
-29
118
-25
-314
143
-62
90
-38
-412
-25
-45
-61
3
-316
-93
-81
84
33
-217
-171
-117
69
84
-116
-169
-154
-53
116
-16
-97
-198
-77
116
101
-21
-245
41
58
161
-50
-250
27
53
174
-6
-213
-82
43
197
49
-185
-46
64
240
59
-211
77
106
176
101
-202
-41
154
107
124
-189
-94
148
147
69
-190
85
-2
184
-52
-122
78
-101
217
-164
0
-81
-57
303
-76
94
-71
-63
411
-4
113
84
-24
491
-41
49
131
97
564
-35
-32
74
166
526
104
-55
-113
129
444
22
81
-92
-18
422
178
77
-34
4
223
369
72
-103
43
8
409
46
-20
47
-173
315
-22
109
-25
-307
150
-63
95
-32
-415
-12
-42
-67
2
-304
-119
-57
96
-17
-184
-218
-66
82
10
-56
-227
-87
-54
87
74
-152
-96
-79
96
226
-51
-102
43
-15
297
-78
-75
7
-74
300
8
-4
-103
-85
318
78
39
-21
-49
364
60
18
146
1
262
118
65
-36
46
170
151
88
-95
56
186
147
36
154
18
161
48
45
156
57
124
-88
94
-46
119
199
-21
83
-9
8
309
-39
67
125
-36
429
-160
53
141
40
568
-175
40
47
64
595
16
50
-155
11
410
59
79
-77
-62
388
176
73
15
-30
197
329
70
-81
38
-7
365
47
-51
31
-176
315
-22
83
-53
-308
160
-49
102
-38
-417
-4
-48
-50
17
-309
-126
-62
95
0
-189
-227
-59
75
10
-61
-232
-51
-52
61
85
-180
-40
-67
61
241
-68
-36
45
2
305
-71
-18
-12
-16
291
52
25
-116
-38
294
130
36
-4
-63
343
44
9
185
-50
269
46
85
-43
-99
174
96
174
-202
-164
203
142
153
116
-156
178
95
149
190
-67
114
-44
173
-24
26
165
-2
95
7
25
257
-8
53
123
-61
361
-170
74
128
-42
499
-201
89
37
-17
547
-13
70
-135
49
364
89
72
-53
-53
344
156
61
51
-3
170
280
47
-75
46
-24
329
11
-105
-11
-162
305
-55
81
-66
-269
146
-87
133
-41
-360
-27
-110
-42
21
-260
-125
-116
52
-12
-150
-178
-98
42
-76
-50
-192
-15
-64
-93
53
-146
46
-70
-36
172
-47
77
55
36
214
-52
92
14
89
194
58
95
-85
83
188
112
74
-12
16
239
18
65
166
-22
189
33
36
-21
28
107
108
20
-191
25
146
134
-23
98
-48
146
74
-58
162
-135
110
-70
-64
-71
-143
169
-34
-59
-27
-45
242
15
-22
69
-89
309
-106
38
64
-136
425
-145
73
64
-96
471
-21
54
-45
94
302
96
14
20
10
288
96
5
71
48
143
205
-3
-115
50
-30
311
-21
-159
-36
-140
307
-76
100
-48
-222
120
-137
175
-9
-293
-64
-172
-38
58
-195
-136
-173
-10
-11
-76
-135
-165
7
-138
-22
-115
-48
-108
-187
28
-72
56
-85
-130
107
-4
117
76
-53
121
-29
159
43
22
76
45
175
-73
109
72
97
158
1
52
89
30
179
138
-2
29
45
112
11
162
5
63
-5
-55
266
90
30
-94
145
174
112
-21
-155
60
28
118
-66
-201
-144
-72
195
1
-149
-24
-96
233
33
-66
46
-102
267
-75
5
1
-150
389
-123
42
74
-135
464
-68
75
24
-4
281
67
10
66
19
278
51
4
67
40
152
168
-9
-146
29
-9
324
-30
-168
-35
-131
325
-56
101
-32
-188
95
-147
232
30
-207
-128
-218
30
127
-83
-196
-242
-47
65
58
-129
-274
-48
-50
103
-7
-227
-135
-176
92
53
-96
-127
-250
109
77
15
53
-273
81
17
99
40
-211
6
38
182
-79
-49
-16
95
205
-8
1
3
42
201
131
-81
-3
-22
142
92
26
42
-64
9
31
201
158
-68
-70
96
176
211
-25
-136
7
71
223
16
-202
-110
-18
249
79
-140
-16
-93
241
85
-69
43
-67
242
-12
-29
9
-86
340
-91
-14
91
-64
423
-98
22
39
-28
273
34
12
98
19
277
5
-2
23
13
170
155
-16
-178
-6
15
350
-29
-152
-25
-127
335
-26
97
-47
-180
79
-83
252
6
-147
-198
-157
107
132
0
-261
-198
-36
164
168
-161
-259
-63
132
221
43
-294
-149
0
158
184
-213
-182
-181
102
191
-119
0
-274
26
115
-38
50
-262
-87
53
68
-80
-114
-123
63
108
-32
-12
-76
23
60
110
-76
-17
-112
21
99
-87
92
-185
-66
45
41
243
-152
-114
17
51
330
-34
-133
-50
-14
362
57
-148
-65
-69
360
111
-121
-13
-132
324
132
-84
32
-88
297
75
-84
32
-44
348
-6
-76
116
-31
405
-67
-67
59
-49
249
-34
-34
95
42
271
-44
-45
-44
-1
185
155
-33
-207
-29
34
380
-28
-124
-20
-120
327
-6
84
-87
-181
64
9
225
-114
-153
-220
0
107
33
-29
-265
15
-31
164
121
-160
16
-33
245
168
31
-45
-84
252
98
197
-64
-144
146
23
218
-59
-2
50
-56
155
-64
75
-15
-167
74
-33
-53
-17
-196
33
-30
-31
13
-149
7
-97
92
44
-72
-128
-137
76
34
81
-264
-130
37
-16
256
-230
-121
-32
-39
367
-95
-107
-121
5
433
52
-77
-58
11
434
151
-89
15
-32
397
129
-126
24
-76
386
81
-156
50
-70
438
-7
-129
92
-109
470
-41
-96
3
-111
249
-93
-32
66
60
293
-56
-50
-81
1
215
178
-35
-204
-22
60
395
-25
-109
-43
-123
355
-24
63
-73
-215
111
15
184
-149
-208
-193
67
114
-91
-103
-271
154
-12
2
42
-212
244
-28
69
109
-28
258
-28
184
59
164
200
-76
227
-9
209
136
38
181
-79
170
53
125
100
-191
92
-4
-23
45
-209
20
-47
-6
40
-152
-25
-96
115
77
-88
-124
-127
64
121
44
-234
-83
3
47
208
-198
-29
-1
-14
307
-105
2
-58
79
370
7
12
-38
160
408
112
-39
58
173
424
78
-137
71
93
455
18
-199
46
13
513
-23
-181
16
-89
525
15
-112
-68
-148
261
-143
-43
38
38
314
-56
-43
-114
6
231
206
-15
-208
-7
75
412
-13
-88
-59
-133
377
-34
64
-38
-260
156
-10
141
-93
-272
-151
70
80
-176
-192
-245
183
-28
-197
-80
-215
307
-85
-165
-9
-63
395
-39
-63
-41
123
345
-23
86
-98
153
250
44
122
-149
125
149
114
88
-237
73
61
-8
56
-236
-16
-10
7
51
-141
-98
-11
123
19
-48
-200
24
29
-31
54
-213
100
-83
-64
181
-100
161
-16
-59
256
-36
211
45
16
283
0
214
41
110
348
4
114
106
194
421
-15
2
113
202
492
-38
-77
58
160
561
-24
-134
-1
68
567
91
-101
-77
-84
215
-170
1
5
21
245
-36
54
-153
27
158
222
90
-183
47
9
398
64
-31
36
-180
319
25
88
45
-319
144
-3
91
33
-354
-63
5
21
-75
-321
-129
59
-37
-130
-263
-125
127
-71
-131
-225
-66
184
-66
-90
-223
37
186
-30
-4
-241
47
145
3
33
-256
39
105
42
36
-308
38
67
-31
43
-276
-37
22
33
41
-177
-130
8
116
18
-84
-199
28
-3
-20
5
-174
79
-116
-68
116
-52
127
-23
-126
166
-18
186
31
-129
181
-17
244
22
-85
287
-78
189
145
20
413
-128
107
160
123
535
-140
39
51
155
639
-57
-35
-27
99
637
164
-40
-97
-63
65
-169
165
-11
38
90
-35
235
-120
68
21
174
238
-129
123
-94
321
176
17
149
-242
244
91
95
123
-350
112
11
74
69
-399
-7
-41
-5
17
-403
-35
-45
-37
12
-389
-30
-33
-33
16
-377
-31
-22
-34
9
-364
-27
-2
-29
-3
-354
-35
16
-32
-12
-341
-30
34
-27
-12
-358
6
44
-58
0
-316
-40
41
31
-2
-233
-125
17
99
19
-149
-169
3
0
48
-72
-134
0
-99
44
21
-32
4
-25
-24
62
-9
27
-2
-112
69
-13
94
-34
-165
197
-116
85
138
-104
363
-209
54
182
17
527
-238
32
29
79
672
-134
2
-69
45
664
193
4
-152
-61
-53
-149
239
3
-32
-37
-32
290
-99
3
-90
135
266
-92
68
-174
255
186
50
96
-291
183
87
85
74
-371
67
6
44
33
-401
-16
-39
-13
2
-402
-36
-38
-45
-5
-389
-34
-18
-45
-20
-380
-23
-8
-41
-21
-380
-8
-2
-38
-4
-381
-10
0
-33
-1
-379
-11
0
-23
-11
-397
3
-9
-53
-2
-365
-46
2
6
-25
-292
-125
21
65
-28
-218
-162
31
-5
21
-150
-125
32
-78
90
-69
-33
22
-12
105
-31
-1
-8
3
59
-34
12
-12
-50
-10
114
-137
-31
146
-65
315
-284
-40
188
-43
502
-313
-23
-21
22
654
-162
5
-140
47
630
256
51
-176
-20
-159
-115
168
-1
-100
-160
-17
174
-101
-43
-201
106
138
-86
11
-254
182
74
36
2
-340
112
9
40
-6
-395
19
-37
0
6
-406
-19
-56
-24
13
-408
-23
-50
-47
11
-406
-14
-49
-51
5
-404
-3
-52
-35
2
-409
-6
-47
-32
12
-414
-13
-46
-37
15
-412
-14
-47
-36
10
-423
0
-56
-48
24
-399
-39
-40
-9
-11
-339
-113
0
29
-63
-274
-150
42
-14
-46
-214
-125
82
-63
23
-146
-50
106
-7
84
-105
-13
71
27
118
-103
11
19
-15
124
54
-149
-33
166
58
257
-302
-48
180
15
430
-317
6
-60
14
539
-138
122
-204
1
499
282
212
-157
-25
-278
-86
-6
-10
-10
-280
-16
-16
-96
35
-298
55
-33
-91
36
-325
107
-57
-5
-9
-377
55
-70
-1
-18
-403
-12
-73
-22
8
-402
-23
-63
-29
17
-406
-18
-58
-56
17
-406
-3
-59
-48
6
-406
1
-57
-27
4
-414
-11
-52
-33
13
-416
-17
-49
-41
14
-414
-13
-49
-38
13
-420
-3
-54
-40
25
-407
-27
-49
-22
2
-372
-76
-16
-5
-53
-325
-112
32
-25
-83
-276
-111
89
-54
-70
-224
-71
142
-24
-31
-187
-39
156
10
28
-172
-13
127
5
89
-38
-149
100
151
71
119
-279
138
133
28
248
-275
240
-78
3
320
-99
363
-177
-2
269
255
414
-102
77
-366
-78
-58
0
64
-349
-56
-46
-72
69
-349
-4
-35
-94
60
-359
58
-32
-35
44
-388
40
-46
-11
32
-401
-7
-50
-7
26
-405
-27
-49
-33
20
-409
-19
-46
-62
14
-407
-1
-46
-46
9
-411
1
-40
-25
15
-419
-11
-39
-32
19
-422
-16
-42
-41
17
-422
-12
-42
-37
18
-423
-12
-43
-36
19
-419
-20
-44
-31
17
-405
-39
-33
-27
-1
-382
-60
-8
-32
-31
-355
-68
27
-45
-53
-322
-66
69
-39
-62
-287
-63
114
-15
-56
-261
-49
128
-8
-8
-152
-153
173
95
-27
-32
-233
260
79
-63
54
-199
366
-75
-66
88
-44
451
-132
-34
34
221
442
-25
93
-367
-86
29
-7
-20
-356
-52
45
-67
17
-360
3
47
-76
58
-373
61
33
-10
67
-400
38
-6
8
51
-416
-14
-30
-10
31
-419
-26
-30
-36
24
-422
-18
-30
-57
24
-421
-2
-30
-39
26
-425
-2
-30
-23
26
-430
-15
-34
-33
22
-431
-18
-38
-39
20
-430
-15
-38
-37
20
-429
-15
-39
-36
18
-425
-21
-38
-32
15
-420
-23
-37
-33
17
-414
-25
-33
-36
15
-407
-26
-27
-37
7
-394
-32
-13
-32
-12
-374
-51
15
-30
-48
-348
-61
46
-26
-55
-266
-142
128
26
-124
-184
-178
232
0
-175
-136
-121
316
-90
-147
-133
11
339
-92
-54
-178
168
293
14
56
-403
-59
19
-27
-46
-396
-39
33
-53
-17
-398
-5
34
-56
20
-406
28
22
-18
37
-420
13
-6
-4
29
-426
-22
-22
-18
9
-427
-27
-21
-41
5
-429
-16
-22
-52
17
-428
-3
-24
-32
23
-430
-5
-29
-23
17
-434
-17
-38
-34
13
-433
-19
-42
-38
13
-431
-16
-42
-37
11
-429
-17
-44
-37
10
-425
-19
-43
-34
5
-420
-24
-40
-35
0
-415
-24
-37
-39
0
-413
-17
-37
-41
7
-411
-11
-38
-36
11
-408
-15
-38
-33
-1
-395
-35
-26
-28
-30
-354
-89
21
-19
-104
-319
-98
73
-52
-130
-308
-42
102
-90
-75
-320
44
88
-56
17
-341
80
49
14
45
