36
53
38
39
58
53
57
52
50
57
56
59
23
22
59
56
22
21
23
60
14
15
11
13
4
1
5
6
7
6
1
12
18
16
7
17
16
18
17
7
18
16
17
20
20
32
18
21
33
32
20
49
49
33
20
48
49
48
20
33
48
32
49
20
48
49
20
21
48
20
49
21
32
20
48
18
32
54
48
35
32
36
35
39
44
36
39
38
47
63
61
46
55
47
62
63
54
55
38
47
53
54
52
55
57
36
53
38
58
59
57
53
56
57
50
59
23
59
22
56
22
23
21
60
14
15
11
13
4
5
1
6
7
1
6
12
17
18
16
7
16
18
17
7
18
16
17
20
33
32
18
20
32
49
33
20
49
33
48
20
49
33
48
20
48
49
32
20
49
48
21
20
49
48
21
20
48
32
18
20
32
54
35
48
35
36
39
32
44
39
36
38
46
47
61
63
47
55
63
62
55
54
47
38
53
55
54
52
57
36
53
38
58
59
57
53
59
56
50
57
23
56
59
22
22
23
21
60
14
15
11
13
4
9
5
1
7
1
6
2
17
16
18
7
16
17
18
7
16
17
18
35
32
35
33
18
38
32
49
33
52
49
33
48
58
49
33
48
55
49
32
48
59
49
48
20
49
57
48
20
63
32
48
18
63
35
32
48
43
35
39
32
43
44
39
38
46
61
63
47
45
47
55
63
45
47
38
55
53
57
54
52
57
58
38
53
58
61
59
57
56
59
50
57
23
56
22
59
22
23
21
60
14
15
11
13
8
9
4
5
7
6
1
2
17
16
18
7
16
17
18
7
34
16
17
35
35
32
33
18
39
38
32
49
52
57
49
33
60
58
49
48
55
32
49
48
58
59
49
48
57
49
20
48
60
63
32
48
60
63
35
32
43
35
39
32
43
44
39
38
63
61
47
46
44
45
47
63
45
47
38
55
57
53
47
52
58
57
38
53
61
58
59
57
56
50
59
57
56
23
22
59
23
22
21
60
15
14
11
13
8
7
4
5
3
7
1
2
18
17
16
7
16
17
18
7
16
40
34
35
43
35
32
33
43
39
38
49
59
52
49
33
59
60
58
49
60
55
32
49
59
58
49
48
56
49
20
48
60
51
63
32
60
32
63
35
35
32
43
39
35
43
39
38
61
63
47
46
45
44
47
63
45
47
38
55
47
57
53
52
55
58
38
57
61
55
59
58
56
50
59
57
56
22
23
59
23
22
21
60
21
15
14
11
7
8
5
4
16
3
2
7
18
16
17
7
16
18
17
7
35
42
16
40
43
35
32
33
43
39
38
49
59
52
49
33
62
60
59
58
60
55
32
49
62
59
58
49
56
49
23
48
51
63
32
60
32
35
33
63
32
35
43
39
32
35
38
39
61
63
51
46
39
44
45
47
45
38
55
47
47
45
57
53
55
38
51
58
55
61
51
59
50
59
56
57
56
22
23
59
23
22
21
60
21
15
14
11
18
7
5
8
16
3
7
2
32
18
17
16
32
18
16
17
35
42
50
16
35
51
32
43
60
43
38
39
30
59
52
49
30
62
60
59
60
30
55
32
31
62
59
58
35
48
49
56
35
51
63
32
33
32
35
63
32
48
35
39
32
38
48
39
61
51
63
46
35
39
47
44
45
38
55
36
45
47
53
57
55
38
51
58
61
55
59
51
50
56
59
57
56
50
22
23
23
22
60
21
21
15
14
11
17
18
7
5
16
3
7
2
33
32
16
17
48
32
18
16
48
50
35
42
48
35
32
51
60
51
43
38
30
59
52
49
29
30
62
60
30
60
32
55
19
31
58
62
34
35
48
49
33
35
32
63
38
32
35
33
52
39
32
35
52
38
39
32
55
61
51
63
55
39
35
47
55
38
45
36
38
45
53
47
55
38
35
51
38
61
55
59
50
56
59
57
56
50
23
22
23
22
60
21
22
21
15
14
17
18
7
5
16
3
7
2
34
17
33
16
50
18
32
16
50
48
35
42
51
48
35
32
51
21
60
43
30
22
49
59
29
22
30
62
18
32
30
60
18
19
31
62
34
32
35
48
35
32
33
63
38
37
35
33
52
39
35
32
52
38
39
32
54
55
61
51
54
55
39
35
38
55
45
36
38
53
45
47
38
55
35
51
38
55
61
59
50
56
59
57
50
56
23
22
22
23
21
60
22
21
15
14
25
17
18
7
24
16
3
2
40
17
34
16
43
18
50
16
59
50
35
42
31
51
35
48
31
60
21
51
22
30
49
59
29
22
30
62
18
32
30
60
18
19
31
62
34
32
35
48
35
34
32
33
37
35
33
38
39
52
35
32
55
38
39
52
55
54
51
61
54
55
39
35
38
55
36
45
53
38
45
47
35
38
55
51
38
55
61
59
50
56
59
57
50
56
23
22
23
22
21
60
22
21
14
15
25
3
18
17
24
3
2
16
24
40
16
17
27
43
16
18
31
59
42
35
31
51
35
48
29
31
21
51
29
22
30
59
22
29
19
30
18
19
30
60
25
18
19
31
40
34
35
32
40
35
34
32
47
35
38
37
47
35
39
52
63
55
39
38
55
39
51
54
55
54
38
39
38
55
45
36
53
38
47
45
35
34
38
55
47
59
38
61
56
50
59
57
56
23
59
22
22
29
23
60
14
15
22
21
0
3
17
18
2
3
24
16
3
24
17
16
26
27
18
16
28
31
59
35
28
31
51
35
28
29
31
21
11
29
22
30
7
19
22
29
18
19
30
60
24
25
19
18
40
24
34
35
42
35
40
34
42
47
35
38
47
43
35
39
44
63
39
55
45
39
55
54
45
39
55
38
38
55
45
36
53
38
47
45
40
34
35
55
59
43
47
61
56
59
50
57
31
56
23
22
29
22
23
60
14
15
22
21
12
0
3
18
4
2
3
24
6
3
17
24
6
26
18
27
7
28
31
35
1
28
31
51
1
28
29
21
11
29
22
30
7
19
22
29
18
19
30
60
16
24
19
25
16
24
34
35
35
42
34
40
42
35
47
38
42
35
43
47
44
41
63
39
45
44
39
55
45
39
38
55
37
36
45
38
53
38
47
45
24
40
34
35
30
59
43
47
31
56
59
50
29
31
22
23
14
29
22
23
14
13
15
22
12
0
3
18
4
2
3
24
1
6
3
17
1
6
26
18
11
7
28
31
11
1
28
31
12
1
28
29
10
11
29
22
1
7
19
22
2
19
18
30
24
16
25
19
27
16
24
34
19
35
34
42
19
35
42
47
35
18
42
43
41
35
63
39
36
44
45
39
37
45
39
38
37
36
45
38
57
53
38
47
27
24
40
35
28
30
59
43
29
31
56
59
29
22
23
31
14
29
22
23
13
14
15
22
5
12
0
3
4
2
3
24
8
1
6
3
8
1
6
26
8
7
11
28
8
1
11
28
8
12
1
28
8
10
11
22
1
7
19
22
2
0
19
18
3
24
16
19
24
27
26
16
27
19
35
34
31
19
35
42
19
18
43
35
41
35
39
63
36
34
39
44
37
45
39
38
36
37
45
38
57
53
47
38
3
24
27
35
11
28
30
43
11
29
31
59
14
29
22
31
13
14
22
29
12
13
14
15
5
12
0
3
4
2
3
24
8
6
1
3
8
1
6
26
8
7
11
28
8
4
1
11
8
12
1
28
8
10
11
22
5
1
7
22
0
2
19
18
2
3
24
19
3
26
24
27
26
27
19
35
26
31
19
35
28
19
18
43
25
41
35
63
41
34
44
36
44
37
45
39
44
36
45
37
57
47
38
53
7
3
24
27
7
11
28
30
11
29
31
59
11
14
29
22
13
14
22
29
12
13
14
15
5
12
0
3
4
2
3
24
8
1
6
3
8
9
1
6
9
8
7
11
9
8
4
1
9
8
12
1
9
8
10
11
5
1
7
22
5
0
2
18
0
2
3
24
0
3
26
24
2
26
27
19
3
26
19
31
28
3
19
18
25
41
35
63
25
41
34
44
40
44
37
45
43
44
37
45
59
47
57
38
0
7
3
24
7
11
28
30
11
29
31
59
13
11
14
29
13
14
22
29
12
13
14
15
5
12
0
3
4
2
3
24
9
8
6
1
12
9
8
6
9
8
7
11
9
4
8
1
9
12
8
1
9
8
10
11
5
1
7
22
5
0
2
18
5
0
2
3
4
0
3
26
1
2
26
19
1
3
26
19
0
3
28
19
25
3
41
35
25
24
41
34
27
40
44
37
28
43
44
37
29
59
47
57
