  79
 132
   4
 265
 266
 395
 484
 417
 215
 216
 217
   9
  11
  12
  12
  13
  13
  15
  17
  18
  19
 156
  48
  23
  24
  25
  54
 132
  82
 291
 301
 395
 484
 417
 303
 216
 217
 244
  37
  35
  38
  36
  41
  42
  43
 123
  45
 182
  74
 258
  23
  25
 131
 132
 108
 291
 301
 395
 478
 417
 277
 304
 243
 123
  63
  64
  90
 210
 116
  40
  93
  93
  72
 260
  74
 311
  76
  28
 131
 132
 134
 300
 301
 395
 489
 417
 303
 304
  85
  45
  89
 263
  91
  88
  95
 131
  97
  97
  72
 260
  93
 310
  75
  54
 183
 158
 134
 160
 135
 250
 492
 355
 189
 278
 305
 260
 260
 116
 117
  97
 113
 315
  69
  69
 335
  45
  99
 101
 101
 259
 210
 209
 160
 160
 135
 276
 406
 216
 189
 305
 335
 286
 260
 142
 143
 119
 120
 299
 121
 123
 124
 123
  99
 127
 101
 129
 235
 235
 211
 160
 135
   6
   7
 216
  18
 124
 335
 335
  69
 168
 144
 166
 146
 122
 122
 149
  37
 123
  99
  45
 101
 101
 235
  99
 237
 160
 135
 276
  33
 243
 244
 246
 273
 247
  69
 194
 195
 145
 191
  85
 149
 176
 152
 152
 126
 126
  88
 181
 235
  63
 237
 160
 135
 188
 277
 304
 270
 211
 186
  68
 333
 194
 196
 215
 215
  85
  45
 176
 179
 179
 151
 151
 181
 181
 236
  63
 237
 290
 213
 188
 321
 137
 323
 141
 142
 342
 146
 302
 196
 215
   7
  85
  45
 288
 202
 230
 231
 205
 181
 177
  45
  63
 237
 290
 291
 292
 321
 348
 349
 350
 351
 342
 170
 196
 302
 241
 295
 279
 314
  71
 257
 256
 230
 231
 232
 204
  45
 115
 315
 134
 301
 344
 465
 374
 375
 383
 412
 412
 412
 446
 417
 241
 137
 279
 308
 309
  71
 310
 311
  49
 233
  28
 340
 142
 341
 326
 327
 344
 397
 451
 425
 432
 431
 436
 437
 471
 417
 241
 330
 305
 335
 306
 308
 310
 311
  75
  27
  28
 415
 367
 351
 352
 344
 370
 397
 484
 464
 427
 428
 428
 435
 429
 380
 381
 356
 357
 360
 332
 335
 313
 337
  78
  27
  29
 163
 412
 170
 196
 395
 371
 398
 372
 489
 489
 489
 489
 489
 490
 483
 374
 355
 356
 357
 358
 360
 388
 337
  78
  79
  55
 355
 419
 419
 395
 421
 397
 398
 372
 489
 422
 489
 489
 489
 490
 398
 465
 374
 390
 383
 413
 386
 173
 389
 254
 254
  55
 417
 418
 419
 420
 421
 404
 398
 452
 489
 423
 455
 481
 481
 481
 482
 457
 465
 465
 438
 410
 411
 414
 322
 323
 324
 142
 469
 444
 471
 447
 473
 480
 450
 478
 479
 449
 475
 481
 481
 481
 482
 456
 456
 484
 464
 437
 470
 440
 440
 350
 171
 352
 469
 436
 471
 473
 448
 476
 477
 478
 474
 449
 481
 481
 481
 481
 482
 482
 482
 485
 488
 488
 483
 466
 374
 467
 377
 378
