38
53
50
51
22
14
4
7
18
18
18
18
33
33
48
48
48
48
48
32
36
44
62
55
54
53
57
59
57
51
22
14
4
7
17
16
18
33
33
33
49
49
49
49
48
32
34
44
47
47
38
53
57
59
57
31
22
14
9
2
17
16
35
35
38
52
58
55
59
57
63
63
43
43
46
45
45
57
58
61
59
31
22
14
8
7
17
16
34
35
39
57
60
55
58
57
60
60
43
43
46
44
45
47
58
61
59
23
21
15
7
3
17
16
40
43
43
59
59
60
59
56
51
51
35
35
51
44
45
47
55
55
50
23
21
21
7
16
17
18
42
43
43
59
62
60
62
23
51
33
32
32
51
39
44
45
51
51
50
23
21
21
18
16
32
32
50
51
60
30
30
30
31
35
35
33
48
48
51
35
36
45
51
51
50
50
22
21
17
16
33
48
48
48
51
30
29
30
19
34
33
38
52
52
55
55
38
38
35
38
50
50
22
22
17
16
34
50
50
51
21
22
22
18
18
32
32
37
52
52
54
54
38
38
35
38
50
50
22
22
25
24
40
43
59
31
31
22
22
18
18
34
34
37
52
55
54
54
38
53
35
38
50
50
22
15
3
24
24
27
31
31
29
29
19
19
25
40
40
47
47
63
39
38
38
53
34
47
56
59
29
14
0
2
3
26
28
28
28
11
7
19
24
24
42
42
43
44
45
45
38
53
40
43
56
31
29
14
12
4
6
6
7
1
1
11
7
19
16
16
35
42
42
41
44
45
37
53
24
30
31
29
14
13
12
4
1
1
11
11
12
10
1
2
24
27
19
19
18
35
36
37
37
57
27
28
29
29
14
13
5
4
8
8
8
8
8
8
1
0
3
26
27
31
19
35
34
37
45
57
3
11
11
14
13
12
5
4
8
8
8
4
8
8
5
0
2
3
26
26
28
25
41
44
44
57
7
7
11
11
13
12
5
4
8
9
9
9
9
9
5
5
0
0
2
3
3
25
25
40
43
59
0
7
11
13
13
12
5
4
9
12
9
4
9
9
5
5
5
4
1
1
0
3
24
27
28
29
0
1
10
13
13
5
4
9
9
12
5
4
9
4
5
5
4
4
9
9
1
0
2
2
11
14
