-496
-115
-226
-55
-44
202
-502
-88
-51
-43
-60
25
-495
-50
-20
24
-38
8
-521
-64
-19
29
-46
9
-514
-85
0
-6
-13
11
-491
-73
0
-1
-122
27
-487
-111
0
76
-61
3
-525
-48
9
27
-101
51
-498
-58
18
75
-67
34
-490
-71
18
31
-79
2
-537
-80
24
74
-47
35
-519
-72
41
-79
-28
26
-498
-264
53
75
-67
175
-528
-323
56
-19
-103
176
-544
-74
58
85
-76
77
-511
-73
64
-45
-30
1
-487
-77
-29
127
-207
53
-484
-57
51
-37
-74
65
-477
-67
-12
82
-59
28
-474
-147
-228
-55
-41
203
-466
-369
18
-16
-75
177
-465
-47
32
55
-14
69
-453
-71
19
-46
-12
71
-449
-52
-66
-14
-13
15
-448
-50
19
-13
-30
70
-437
-119
109
21
-33
149
-431
-51
-32
32
-116
91
-430
-179
132
-89
-96
150
-405
-186
57
235
-59
174
-401
-239
-137
0
-54
211
-394
-63
115
-94
-11
124
1023
1023
1023
1023
1023
-1
-538
-99
-21
-27
-6
24
-523
-81
9
16
-5
10
-539
-101
26
20
-2
36
-507
-69
-18
-13
3
12
-534
-68
-31
37
4
23
-532
-62
71
-46
7
0
-488
-69
-21
-9
8
7
-539
-99
29
-7
9
37
-533
-72
41
-24
13
38
-486
-126
-1
26
13
4
-478
-73
76
31
22
68
-493
-84
-34
-22
37
6
-490
-97
-37
-12
49
5
-499
-90
-12
55
67
29
-494
-81
-20
-28
89
30
-496
-48
5
-42
189
55
-472
-53
-48
-20
23
13
-470
-65
-6
109
4
54
-459
-316
36
0
80
178
-450
-83
-92
23
96
235
-446
-93
-215
33
6
201
-445
-138
-193
-89
14
204
-439
-54
-72
-19
6
14
-431
-200
-20
104
52
209
-427
-237
-55
33
16
210
-423
-187
-188
0
-10
212
-408
-256
40
-44
162
179
-407
-72
-11
1
-7
92
-394
-57
-38
51
115
260
-385
-166
60
-65
157
180
-373
-139
-67
106
84
234
1023
1023
1023
1023
1023
-1
-528
-13
2
133
-185
76
-478
-42
-40
-36
-137
52
-534
-42
-24
14
-115
50
-528
-7
-16
20
-92
21
-484
27
8
31
-89
75
-530
-22
-41
72
-75
22
-493
-25
-8
-29
-69
64
-485
-37
-1
14
-69
33
-476
-44
44
54
-52
42
-478
-39
47
15
-46
41
-502
-21
57
9
-43
46
-523
0
18
-7
-37
20
-475
-7
-27
-32
-36
32
-481
-44
25
62
-11
43
-479
-43
-34
38
-8
17
-491
15
28
45
-6
47
-473
12
-67
-48
-7
63
-471
-6
20
32
-59
78
-467
-32
45
-7
-5
40
-463
-41
-43
10
-31
16
-457
-45
63
-17
-29
66
-427
27
-43
67
-9
60
-421
37
-62
61
-165
90
-418
56
-77
198
-49
102
-409
57
-43
54
-94
59
-406
-23
-39
49
-8
95
-404
-38
50
15
-46
123
-397
-22
-30
21
-64
96
-396
-11
-46
-30
-17
97
-387
109
-37
9
-111
58
-375
122
-73
30
-136
89
1023
1023
1023
1023
1023
-1
-463
9
-2
-145
154
56
-438
-29
-115
-54
110
236
-476
-19
-34
-45
21
31
-497
-45
54
-29
20
39
-478
4
-65
-23
14
62
-505
-33
95
-21
9
45
-444
-29
18
-12
54
72
-491
-29
57
-3
48
44
-521
20
29
-1
49
19
-466
-46
69
-1
21
67
-524
-20
0
11
10
49
-510
-8
4
25
58
18
-479
9
-42
39
23
61
-500
16
16
69
43
48
-463
-27
-70
76
14
103
-455
2
-23
149
24
79
-436
47
31
4
55
74
-428
28
-30
58
78
129
-414
-44
-47
-30
48
94
-413
83
-3
-94
11
57
-405
40
24
20
46
104
-402
51
16
-14
111
73
-400
75
-136
-85
130
237
-399
51
-78
-17
105
261
-398
-41
-26
-54
78
93
-397
32
63
190
141
128
-393
35
-51
20
145
80
-389
88
-67
-164
90
81
-389
33
66
3
103
155
-384
62
-5
75
180
105
-376
19
-5
-83
104
98
1023
1023
1023
1023
1023
-1
-346
-364
-68
-15
-97
186
-344
-228
124
-84
-106
151
-354
-190
11
129
-60
183
-341
-175
-207
-81
119
213
-357
-174
99
39
31
152
-358
-136
118
78
148
153
-369
-106
-160
-139
57
205
-346
-98
93
48
-112
157
-370
-77
106
53
183
154
-343
-55
137
69
-52
126
-363
-52
46
162
-82
148
-357
-36
109
-74
115
181
-367
-11
5
92
-89
122
-367
-5
125
176
25
127
-354
-5
79
15
25
131
-348
34
-30
-4
46
286
-283
-349
-72
-56
-64
185
-326
-346
17
21
25
187
-315
-279
-19
38
-30
184
-270
-276
178
-33
-60
160
-326
-188
-30
150
-9
208
-284
-168
148
8
-146
158
-309
-124
72
111
-129
182
-317
-79
187
-88
-40
125
-290
-78
81
341
-114
173
-338
-75
-169
193
58
200
-316
-74
-123
-146
54
206
-269
-50
-19
-147
7
207
-302
-40
77
19
-85
156
-279
1
154
-56
-59
132
-331
28
14
-8
4
130
1023
1023
1023
1023
1023
-1
-341
338
-292
-35
-25
228
-344
317
-285
-39
-35
229
-361
201
-180
-85
133
238
-329
84
-89
-3
-86
120
-347
139
-87
-7
92
87
-363
146
-81
-11
-31
88
-354
151
-71
-120
134
262
-312
112
-55
42
112
86
-368
74
-50
115
-123
101
-347
36
-39
105
-86
121
-327
61
-14
-3
-38
100
-366
117
-6
-195
-29
82
-318
87
-1
100
7
85
-317
101
46
-44
-101
83
-352
101
61
-41
2
287
-313
108
167
-120
-36
288
-310
288
-263
-80
-53
230
-300
102
-9
-79
153
106
-297
51
14
215
-158
147
-296
75
18
-108
102
99
-294
96
41
111
-102
84
-291
240
-16
-166
134
263
-279
327
-293
25
41
227
-277
117
-103
-94
-16
119
-277
149
-147
54
-28
117
-266
116
-141
-46
13
118
-266
208
-204
-141
53
239
-263
181
-8
-168
-43
107
-255
204
-100
128
-64
116
-253
61
77
-34
-72
313
-251
106
-22
4
-53
312
1023
1023
1023
1023
1023
-1
-148
-95
-259
-211
-5
215
-194
-157
-266
-194
99
214
-215
-306
80
-153
34
189
-109
-32
129
-144
-124
315
-135
-284
38
-129
-65
190
-90
-81
-227
-123
-72
216
-92
-188
197
-119
-94
164
-134
-191
180
-83
46
163
-243
-342
89
-69
122
188
-249
-228
213
-59
-75
159
-230
-30
233
-33
-86
134
-129
-213
160
58
144
162
-170
-40
124
74
-39
135
-220
-248
142
79
21
161
-72
-47
14
284
27
198
-211
-65
-78
310
76
199
-241
82
259
-149
-80
289
-232
31
236
-67
-88
133
-202
83
51
17
-138
109
-195
19
129
-123
-105
314
-180
39
138
278
-180
172
-163
98
31
122
5
110
-148
81
345
-86
-76
290
-115
39
110
-35
116
137
-104
78
177
-145
72
138
-100
42
339
19
-132
291
-99
116
-70
-8
-176
242
-84
8
58
120
90
136
-78
84
-44
0
-49
339
-65
87
212
91
-120
171
-30
115
272
55
88
169
1023
1023
1023
1023
1023
-1
-237
168
9
117
-214
146
-144
243
-2
-18
-142
145
-90
226
-170
-134
-124
241
-108
186
-151
-140
-108
233
-207
239
-20
91
-88
115
-140
213
-212
-160
-76
240
-191
269
-2
22
-68
114
-48
592
-60
36
-48
255
-239
271
-209
-161
-44
231
-185
252
-173
-177
-44
232
-47
611
-34
32
-41
254
-115
292
-40
-25
-7
144
-189
251
11
-56
52
113
-115
314
-25
52
61
143
-156
273
-291
138
138
226
-57
154
-219
189
259
225
-245
146
48
-124
-167
108
-222
332
46
-124
50
264
-193
124
36
36
129
111
-185
175
46
-65
163
112
-176
307
113
-75
-140
265
-128
131
32
43
-20
338
-91
274
177
-29
-184
266
-88
285
32
133
89
142
-65
177
179
-54
-2
139
-59
136
156
55
-96
268
-52
223
115
116
59
141
-40
212
157
68
-3
140
-36
242
207
-15
-117
267
-33
125
262
17
9
170
1023
1023
1023
1023
1023
-1
1023
1023
1023
1023
1023
-1
-1
-259
29
-56
0
191
38
-107
-220
-64
-26
217
42
-190
30
-75
101
193
47
-234
24
-65
103
192
103
-228
-3
47
-48
318
134
-109
-212
73
-44
344
157
-232
2
-49
39
319
179
-108
-162
-77
4
345
216
-171
34
-36
-54
425
268
-170
21
-54
61
426
341
-159
4
-28
135
427
347
-127
33
-15
12
428
399
-117
8
3
64
402
430
-109
11
138
-9
375
434
-165
-251
36
-58
457
435
-120
-22
58
67
376
129
-69
-243
32
-26
343
452
-104
-231
79
-105
456
139
-48
-230
-105
54
219
106
-97
-223
-101
27
218
139
-56
-223
-78
-58
342
210
-46
-205
-95
57
220
254
-51
-184
-23
-83
222
242
-71
-177
-61
-48
221
431
-45
-89
200
14
467
454
-104
-80
-31
27
377
441
-43
5
63
-175
349
432
-76
13
57
-52
350
358
-101
24
18
-81
374
154
-89
25
-58
221
320
226
-39
38
101
39
422
1023
1023
1023
1023
1023
-1
-12
-131
233
-8
-65
165
-10
-120
133
-91
-95
316
-10
-97
255
78
109
167
12
-111
252
66
60
166
25
-173
63
31
-77
317
75
-125
96
-44
97
194
213
-142
48
10
-122
424
259
-140
76
-64
-138
399
309
-152
62
6
30
400
334
-256
164
41
-93
431
338
-136
79
0
-94
429
339
-200
114
35
-136
430
375
-259
218
3
30
432
385
-156
38
66
131
401
432
-214
228
-48
105
433
439
-154
107
80
92
325
413
-63
38
-64
-259
323
418
-90
54
15
-238
324
220
-88
113
-61
-191
398
285
-58
41
-159
-141
373
350
-35
38
-61
-90
348
204
-92
52
70
-82
423
390
-77
54
-25
-41
403
404
-70
111
-6
-37
404
325
-36
53
-88
-30
322
446
-92
113
14
-25
405
39
-53
108
86
-11
197
80
-49
167
-52
4
196
89
-75
162
-48
45
195
299
-37
66
64
56
421
46
-44
122
-87
128
390
1023
1023
1023
1023
1023
-1
497
-222
-133
-157
20
459
542
-214
-49
-154
-7
460
459
-216
-205
-80
13
458
563
-136
-37
-72
-70
354
683
-226
-49
-64
-44
356
464
-140
-50
-36
90
351
731
-150
-158
-10
-3
384
739
-166
-150
-8
-13
385
735
-229
-79
3
-48
387
736
-191
-136
4
-32
386
706
-278
-42
27
-71
388
680
-139
-126
65
-89
413
588
-276
-136
101
-95
415
617
-221
-129
109
-125
414
462
-184
-99
188
-76
441
488
-160
-44
214
-133
440
675
-40
-197
-64
-79
487
455
-38
-175
30
-86
455
731
-61
-161
-35
7
488
706
-136
-159
-13
-18
383
635
-74
-150
-28
-65
381
663
-97
-148
-23
-63
382
592
-52
-136
-24
-37
380
701
-66
-132
64
-48
412
756
-47
-122
-51
40
489
710
-40
-111
43
-44
411
538
-55
-108
-11
24
379
490
-127
-92
-36
59
352
483
-55
-92
-20
28
378
468
-57
-85
245
-49
466
531
-126
-64
-36
-14
353
1023
1023
1023
1023
1023
-1
460
-184
97
64
115
326
497
-157
117
0
-19
327
499
-154
213
-70
114
434
600
-187
26
-73
-8
461
620
-180
-32
-77
-66
355
651
-153
56
-1
40
462
683
-188
147
-29
22
330
684
-314
3
45
-54
389
730
-250
-16
-15
-1
357
733
-156
162
31
33
331
746
-249
15
4
8
358
753
-249
35
7
7
359
753
-248
63
21
3
360
762
-212
115
32
29
362
762
-197
128
41
18
363
769
-219
86
17
36
361
588
-149
169
-57
-61
329
518
-134
157
-61
-97
328
748
-121
165
48
24
332
671
-108
57
7
82
463
758
-98
165
46
33
333
575
-79
172
-24
60
435
594
-77
5
133
-70
439
508
-74
94
27
-12
406
766
-72
157
47
34
334
563
-58
54
13
15
407
677
-53
48
13
103
464
607
-41
-17
107
25
465
782
-38
132
46
39
335
611
-37
12
1
24
408
629
-37
134
39
6
436
1023
1023
1023
1023
1023
-1
267
71
-90
50
-156
247
299
82
-103
119
-155
248
182
166
-95
-1
-85
368
7
60
-115
-66
-80
340
76
15
-168
-87
-73
341
320
172
-132
-186
-68
442
164
189
-65
-53
-50
367
158
158
-98
97
-43
369
132
90
-85
124
-42
370
337
19
-220
-64
-28
451
362
28
-245
16
-25
450
376
59
-230
80
-11
449
372
12
-186
-110
-2
452
195
-12
-173
67
47
223
263
112
-82
79
68
249
69
58
-162
176
245
224
189
-20
-6
-212
129
346
161
-14
-31
-202
40
416
240
0
-5
-186
-110
372
58
445
-22
-76
-132
258
23
494
-35
-72
-111
257
126
183
-48
-41
9
366
79
57
-46
-37
-40
244
170
54
-60
-29
-63
371
112
376
-57
-17
-141
259
-27
553
-64
3
-71
256
177
188
-48
22
304
250
-7
31
-45
30
-124
243
109
337
-39
38
282
251
2
590
-37
58
17
253
81
513
-45
102
133
252
1023
1023
1023
1023
1023
-1
562
66
-275
-110
-108
485
609
11
-241
-110
-132
486
433
6
-173
-101
36
453
435
150
-136
-92
-114
443
522
120
-293
-40
-49
484
447
2
-148
-39
-24
454
511
103
-167
-10
-69
444
463
270
-135
-1
-43
477
518
82
-177
17
-10
445
521
65
-174
20
17
446
487
64
-195
29
20
447
407
92
-199
70
28
448
544
198
-137
83
-10
481
500
176
-265
87
10
483
523
192
-202
136
16
482
537
41
-134
275
34
492
479
270
-132
63
16
476
499
264
-108
110
52
475
487
248
-107
-60
-65
478
708
-21
-99
31
-27
410
547
209
-98
0
-25
480
498
54
-97
183
83
493
681
12
-93
103
31
491
527
225
-85
-73
-45
479
768
-25
-83
-38
42
490
537
245
-75
97
38
474
592
205
-68
70
7
473
669
-26
-58
8
10
409
623
184
-53
57
2
472
623
191
-38
63
-6
471
616
204
-10
55
-32
470
1023
1023
1023
1023
1023
-1
89
47
167
-83
100
391
141
115
-2
-124
104
245
193
142
189
-231
85
271
201
80
5
-129
81
246
208
-19
38
-99
172
321
235
-1
83
-210
42
347
239
122
184
-215
27
272
242
31
14
-152
-41
417
270
26
38
-78
33
296
299
331
196
-81
133
277
311
227
116
-118
152
276
372
8
42
-222
-116
297
398
5
32
-149
-173
298
479
291
19
-95
-142
468
486
90
115
-132
-34
302
536
122
166
-103
-18
303
332
423
184
12
-122
284
304
470
228
6
-105
283
568
243
22
4
-103
469
327
2
36
-61
-72
418
173
101
244
8
-70
393
351
-28
38
3
-56
419
64
-22
276
-12
-8
293
122
111
115
-47
2
270
149
92
228
-40
4
392
487
40
88
-20
56
301
617
119
212
-15
79
304
347
171
91
21
89
275
39
141
3
-19
95
365
-12
95
91
-4
110
364
144
22
20
10
120
295
1023
1023
1023
1023
1023
-1
-10
-9
321
41
-75
292
7
67
121
53
-38
269
148
-11
141
47
-91
397
166
94
193
130
-3
395
184
110
220
73
-71
394
249
550
291
59
5
281
258
531
269
43
-27
282
260
540
302
54
4
280
313
161
86
107
-75
273
343
-28
59
40
5
420
348
386
146
49
-62
285
353
155
84
173
-34
274
627
222
163
46
-20
310
632
226
178
41
-21
309
643
-10
55
83
8
438
644
-21
97
57
1
437
-24
19
266
92
131
168
77
24
93
43
69
294
124
45
139
152
14
396
297
510
291
61
35
279
327
432
276
47
113
278
435
27
81
131
63
299
464
-1
93
138
130
300
613
223
163
50
13
311
627
237
199
43
14
308
629
231
209
42
31
307
636
211
207
38
27
306
641
179
214
34
47
305
788
-15
112
50
36
336
792
0
94
50
24
337
1023
1023
1023
1023
1023
-1
1023
1023
1023
1023
1023
-1
