-545
-63
66
-44
7
-525
-76
61
-46
-32
-504
-75
16
26
-81
-498
-113
-2
73
-62
-497
-128
-2
26
13
-500
-102
-36
-16
50
-503
-85
-33
-23
36
-500
-70
-20
-8
10
-507
-52
-19
23
-36
-533
-66
-17
29
-46
-535
-82
11
13
-8
-529
-87
3
-4
-14
-521
-74
-20
-9
2
-485
-56
-51
-18
24
-452
-58
-72
-24
8
-460
-54
-65
-24
-11
-473
-41
-42
7
-29
-491
-39
-30
40
-3
-521
-4
6
29
60
-533
23
25
1
45
-538
1
13
-6
-41
-542
-7
-22
22
-93
-545
-24
-45
71
-75
-549
-70
-33
33
3
-552
-101
-24
-27
-9
-514
-89
-55
-45
-60
-534
-69
43
-78
-25
-506
-71
0
-4
-121
-493
-65
-13
79
-64
-511
-90
-14
56
60
-507
-83
-21
-27
86
-489
-25
-35
-46
19
-487
-12
-28
-30
-36
-496
-38
-4
12
-63
-511
-62
16
76
-68
-552
-87
24
77
-53
-555
-108
26
23
-11
-557
-107
30
-3
8
-553
-80
44
-24
24
-513
-47
53
-31
28
-481
-33
41
-13
-6
-489
-39
46
7
-51
-485
-43
42
51
-54
-489
-43
25
62
-8
-500
-27
58
-3
54
-515
-27
94
-17
12
-515
-13
56
10
-41
-506
22
26
46
-6
-517
18
15
71
34
-540
-19
-1
10
3
-551
-42
-21
16
-117
-538
-47
10
22
-93
-489
-36
-40
-41
-129
-498
-70
-32
122
-207
-482
-59
-10
111
-4
-507
-44
4
-37
183
-478
8
-3
-143
153
-428
81
-7
-94
9
-403
106
-37
7
-110
-421
56
-41
51
-92
-443
25
-44
67
-10
-496
5
-45
44
19
-496
0
-68
-17
11
-491
8
-72
-46
-5
-513
-28
-12
-38
-62
-500
-56
51
-45
-68
-471
-42
62
-21
-31
-477
-45
69
-4
13
-488
-73
78
32
16
-475
-48
35
55
-14
-458
-52
22
-14
-28
-464
-70
26
-43
-6
-455
-24
24
-11
57
-415
54
20
-12
110
-452
48
31
10
50
-499
29
8
34
-92
-547
-16
4
135
-187
-560
-76
65
76
-74
-476
0
19
26
-62
-463
10
-24
149
16
-402
42
-51
29
139
-400
90
-64
-158
93
-379
120
-9
-194
-28
-332
105
43
-44
-102
-311
96
39
111
-104
-332
85
0
96
3
-329
113
-56
43
111
-365
141
-90
-1
96
-382
146
-85
-7
-26
-396
124
-77
32
-137
-443
39
-66
55
-172
-449
-50
-30
23
-117
-423
-69
-5
-4
-4
-411
-40
-22
-57
77
-422
-42
-47
-29
45
-414
-23
-41
50
-11
-406
-23
-31
19
-65
-404
-11
-47
-33
-11
-383
21
-3
-87
107
-306
78
19
-107
102
-343
63
-16
6
-42
-382
75
-50
120
-125
-437
51
-80
201
-52
-480
-32
-67
66
12
-414
41
32
21
37
-391
65
3
80
176
-309
104
-2
-71
161
-272
183
-7
-169
-36
-256
151
46
-122
-167
-214
89
50
20
-141
-178
100
28
124
1
-206
122
33
35
124
-201
176
44
-64
164
-207
253
11
-54
58
-210
271
-3
23
-65
-227
242
-20
95
-89
-276
207
-98
127
-72
-293
148
-146
46
-32
-281
114
-139
-53
11
-288
115
-101
-95
-17
-337
84
-90
-1
-82
-354
37
-40
106
-83
-376
-11
3
90
-89
-408
-34
45
11
-47
-397
-60
113
-98
-11
-324
-75
184
-89
-37
-356
-50
134
79
-51
-379
-2
123
183
22
-415
35
55
194
141
-442
28
-36
50
74
-334
29
12
-5
1
-357
-5
79
19
24
-285
0
154
-56
-51
-239
33
234
-69
-85
-240
-26
237
-32
-83
-180
-36
128
75
-38
-98
17
57
122
89
-125
46
104
-35
117
-116
86
175
-149
76
-78
186
178
-57
0
-54
224
153
68
-4
-67
233
112
119
61
-104
294
32
131
87
-127
321
-30
44
56
-126
295
-45
-31
-14
-154
243
-5
-18
-146
-244
170
8
116
-210
-304
53
15
212
-155
-372
-50
47
159
-81
-442
-116
111
20
-37
-432
-178
133
-89
-101
-350
-226
126
-84
-104
-368
-168
99
48
36
-368
-134
118
86
149
-386
-68
104
57
187
-402
39
64
-1
98
-302
-36
72
20
-80
-344
-95
85
51
-110
-284
-164
139
6
-145
-251
-222
210
-59
-77
-277
-273
179
-31
-63
-228
-248
143
82
18
-140
-210
164
64
143
-153
-197
193
-75
40
-107
-191
206
-121
-94
-24
-129
237
-6
-63
0
-106
260
66
70
-30
-102
266
85
105
-32
27
261
95
124
-31
131
266
44
104
-41
135
263
9
18
-72
95
207
87
-124
-176
54
123
285
-202
-293
-72
77
342
-120
-418
-190
66
228
-52
-503
-262
57
74
-68
-531
-321
60
-18
-105
-470
-366
22
-19
-75
-463
-308
35
2
89
-413
-249
37
-40
169
-395
-154
61
-65
162
-366
-26
110
-77
108
-309
-119
74
112
-129
-353
-185
13
136
-61
-317
-275
-16
41
-32
-286
-346
-66
-55
-65
-344
-354
-76
-19
-90
-327
-338
9
22
30
-244
-331
83
-71
128
-217
-293
61
-157
35
-134
-269
24
-133
-68
4
-238
16
-73
20
58
-205
8
-84
118
40
-172
11
-76
91
79
-107
90
-32
82
95
-58
167
-50
31
62
-56
186
-57
-9
18
-66
129
95
-25
-79
-56
32
314
19
-223
-77
-63
311
90
-354
-85
-162
174
70
-446
-94
-216
33
4
-496
-118
-227
-53
-45
-476
-148
-228
-56
-45
-447
-134
-189
-89
23
-374
-102
-155
-138
65
-323
-69
-115
-146
52
-275
-46
-13
-142
-1
-326
-185
-24
152
-13
-431
-200
-14
110
54
-431
-239
-46
35
14
-400
-238
-136
-1
-51
-432
-193
-171
11
-20
-357
-188
-189
-69
105
-211
-173
-246
-181
88
-172
-111
-236
-188
-11
-104
-88
-206
-130
-43
47
-91
-206
-91
5
121
-73
-210
-120
40
145
-20
-239
-88
36
246
0
-229
-82
60
287
-23
-200
-91
-14
259
-29
-209
-35
-96
196
2
-203
84
2
81
67
-187
214
215
-68
144
-222
180
271
-186
253
-278
104
158
-280
327
-293
25
43
-341
338
-295
-34
-25
-346
317
-287
-37
-40
-310
287
-259
-84
-53
-241
271
-206
-164
-42
-187
251
-170
-176
-46
-111
186
-150
-134
-107
-370
-144
-67
110
82
-450
-90
-91
26
101
-440
-34
-118
-54
112
-407
63
-127
-79
123
-399
153
-153
-61
85
-307
158
-184
-112
16
-180
159
-191
-141
-73
-150
160
-125
-134
-95
-135
72
-29
-46
-137
9
34
-28
-16
-102
100
62
-13
-80
-16
153
136
17
-113
116
279
150
-8
-116
113
351
144
-96
15
-116
318
124
-117
127
-187
276
145
-113
149
-11
199
203
-85
109
265
86
319
-41
26
303
38
490
-33
44
148
0
591
-36
57
17
-49
612
-33
36
-42
-52
592
-58
40
-48
-27
550
-63
1
-74
21
493
-35
-75
-112
56
444
-24
-75
-130
109
376
-60
-14
-134
-396
-63
-38
56
114
-403
42
-81
-15
106
-357
147
-76
-117
135
-313
212
-10
-154
113
-277
279
22
-77
4
-227
262
83
-33
-141
-144
232
153
-39
-137
-100
208
172
-77
-52
-74
138
117
-29
-68
63
112
94
-23
-16
183
157
89
-122
20
256
213
160
-247
98
364
203
195
-217
45
407
194
133
87
-139
358
162
119
236
-132
340
160
127
166
35
307
198
151
-21
209
247
292
225
-131
198
282
429
269
-19
97
299
513
287
62
31
261
543
300
58
2
247
551
289
61
7
258
528
266
43
-29
304
468
224
6
-108
330
422
181
11
-119
346
388
144
49
-56
-352
30
-34
0
48
-359
98
56
-40
3
-321
108
168
-121
-33
-261
77
232
-138
-83
-209
72
285
-11
-86
-161
32
292
61
-116
-54
0
262
0
-31
47
43
185
-110
67
89
85
57
-52
85
222
70
19
-42
61
379
99
-5
-107
-46
484
83
27
-204
-126
539
27
98
-184
-109
538
18
104
134
-13
497
14
66
266
30
485
16
84
117
78
468
52
122
-106
72
468
93
169
-199
18
573
132
210
-62
34
640
178
219
38
46
635
211
210
42
32
626
231
210
43
35
624
238
200
42
15
630
230
178
39
-20
624
226
165
44
-17
610
226
166
49
12
-254
109
-28
7
-49
-260
65
72
-32
-72
-201
20
126
-123
-108
-128
-16
110
-121
-114
-66
-62
97
-47
-26
-28
-122
40
39
-32
82
-136
-24
-16
-14
178
-67
17
-181
87
188
18
71
-155
160
277
0
93
-90
23
424
-1
113
-4
-165
504
-63
136
-26
-250
529
-178
150
-67
-185
529
-211
103
143
45
500
-192
57
251
112
500
-195
62
106
69
504
-172
93
-81
-27
523
-153
140
-152
-96
637
-175
170
-55
-14
730
-163
168
33
37
747
-126
167
48
30
754
-101
167
45
34
765
-70
156
44
39
777
-43
137
50
33
771
-36
129
64
9
779
-18
105
59
8
-130
138
32
45
-16
-84
91
-43
1
-49
4
63
-118
-62
-86
56
39
-156
-81
-52
105
14
-203
-69
15
100
-5
-226
33
1
173
6
-186
-15
-5
262
11
-59
-224
-13
258
34
59
-246
-6
319
-22
82
-93
-104
463
-73
72
82
-146
511
-148
66
41
-104
498
-208
15
-64
-59
519
-189
-71
22
111
502
-142
-74
102
172
511
-129
-80
18
67
526
-125
-58
-95
-69
551
-146
-29
-134
-137
651
-217
-39
-84
-60
727
-255
-20
-20
5
744
-250
11
0
12
751
-247
32
4
8
744
-258
74
28
-13
735
-262
112
46
-13
710
-275
133
73
-21
725
-246
146
56
36
-16
95
99
-2
109
32
141
11
-17
97
121
187
-44
-38
17
155
201
-51
-58
-36
183
200
-55
-26
-54
151
186
-63
91
-52
209
140
-4
41
-39
302
53
33
-149
-138
333
-27
23
-139
-224
365
-99
2
21
-161
477
-172
-36
162
-20
489
-223
-64
70
43
457
-205
-95
-41
-2
478
-130
-107
0
66
488
-79
-92
33
153
512
-38
-104
4
72
549
-17
-121
-36
-52
581
-33
-130
-50
-115
645
-88
-156
-37
-74
704
-134
-166
-19
-17
731
-148
-161
-15
-3
738
-163
-152
-8
-17
716
-214
-134
22
-64
690
-270
-103
49
-88
640
-327
-82
89
-84
639
-350
-17
24
2
42
-50
124
-84
125
83
42
169
-84
103
147
93
231
-44
16
177
96
243
3
-73
202
104
244
39
-78
160
79
225
137
-29
197
-14
225
85
-47
268
-112
182
-20
-191
280
-154
122
17
-185
289
-179
90
56
1
385
-195
18
93
158
397
-171
-41
8
97
374
-113
-24
-40
-41
403
-92
32
0
-30
418
-97
68
3
18
436
-88
103
19
0
488
-59
97
23
-12
536
-36
68
7
0
596
-25
18
-5
13
663
-20
-53
3
6
705
-18
-93
28
-31
708
-37
-107
45
-47
677
-77
-151
98
-66
606
-173
-154
158
-121
529
-242
-174
174
-105
533
-285
-164
44
-39
158
-17
-39
-199
40
237
29
7
-156
-38
328
3
35
-72
-66
351
-28
40
-5
-54
366
-51
56
23
-31
304
-63
39
85
27
294
-132
15
60
-26
287
-194
9
31
-122
253
-200
5
43
-50
234
-204
24
-8
51
305
-187
12
-23
160
315
-124
13
-46
91
306
-88
57
-26
-41
332
-134
90
15
-85
323
-195
119
37
-136
315
-250
177
43
-92
356
-255
233
2
29
414
-211
245
-52
103
485
-151
228
-73
107
568
-83
181
-25
54
624
-43
141
37
3
641
-25
102
59
3
614
-7
39
122
20
498
-89
-16
220
-71
402
-126
-72
250
-75
416
-147
-106
109
-35
316
175
-136
-181
-65
430
154
-139
-95
-115
511
103
-164
-20
-74
517
79
-177
14
-20
527
46
-178
22
-6
474
57
-213
63
26
441
40
-254
72
-6
409
15
-285
50
-19
372
13
-277
5
27
354
7
-251
-69
-4
404
4
-208
-106
30
420
35
-149
-101
14
434
25
-135
-38
-39
460
-39
-184
34
-77
443
-95
-233
84
-114
428
-161
-256
38
-61
450
-214
-209
-83
14
489
-222
-137
-165
22
536
-216
-53
-157
-11
596
-191
21
-74
-13
648
-159
51
-2
38
670
-113
53
5
87
640
-43
51
37
128
503
-25
-36
194
43
412
5
-87
252
26
410
13
-71
89
43
474
295
23
-93
-136
563
248
27
1
-106
615
202
-7
50
-43
619
188
-38
65
-15
619
173
-60
66
-4
573
211
-72
89
36
532
246
-85
96
51
499
267
-120
86
43
477
281
-133
45
12
467
282
-132
-1
-54
508
249
-115
-54
-58
534
234
-82
-70
-48
548
219
-91
3
-31
548
202
-143
91
-10
521
200
-206
146
16
497
182
-271
90
12
517
125
-300
-42
-48
558
71
-282
-116
-112
606
14
-248
-109
-136
671
-38
-204
-62
-80
727
-59
-168
-35
7
754
-46
-126
-55
42
737
-20
-84
-23
47
595
30
-116
193
44
509
74
-104
254
82
487
67
-46
77
65
