26
27
34
29
30
31
32
8
34
35
36
37
38
39
40
41
42
43
44
45
46
47
48
49
50
51
52
53
43
55
56
57
58
90
60
61
62
62
32
1
66
40
68
69
71
39
72
73
19
75
76
77
75
79
261
237
97
83
84
85
86
87
58
89
90
91
92
94
94
95
96
97
98
99
100
59
102
103
104
105
106
107
107
109
110
111
112
264
114
115
116
119
119
119
120
121
96
123
66
132
126
128
129
61
130
131
132
133
133
135
136
137
137
139
140
141
142
143
144
145
146
147
148
149
150
151
152
153
260
73
156
126
158
159
160
161
162
159
164
165
166
167
169
170
170
171
172
173
174
175
176
177
178
179
180
181
182
183
184
185
186
187
188
189
190
191
193
193
194
195
196
197
198
199
17
201
202
203
204
205
206
207
208
210
210
211
211
213
214
215
216
217
218
345
451
451
247
223
224
225
226
227
228
229
230
231
232
233
208
235
236
237
81
119
240
233
109
243
244
245
366
247
248
249
224
251
252
253
254
254
256
257
258
259
260
261
262
82
107
265
266
266
268
270
246
271
276
273
274
299
275
277
275
279
285
281
282
283
284
285
286
287
288
288
133
134
291
391
365
295
417
298
302
438
299
299
301
302
304
305
306
307
308
309
310
311
312
313
314
314
135
317
318
347
321
296
419
298
327
326
326
326
327
328
330
331
332
333
334
335
335
337
338
339
340
341
223
223
223
417
347
418
419
406
461
326
326
352
353
328
356
357
358
359
360
360
360
362
364
365
366
367
370
370
370
372
298
374
465
441
458
352
352
379
379
410
381
383
384
386
386
388
415
389
390
391
392
393
394
395
397
430
430
400
326
402
428
374
405
405
407
407
462
409
410
411
412
414
415
415
416
417
418
419
405
421
428
429
425
426
427
427
428
429
430
431
432
433
434
435
436
437
465
440
441
441
442
443
444
445
446
447
449
448
450
451
453
453
454
455
456
457
457
459
460
461
462
463
464
465
493
376
468
469
470
471
472
473
474
475
476
478
478
477
480
481
482
483
484
485
486
487
488
489
490
493
493
473
