4
5
1
12
1
4
5
2
1
0
8
9
0
2
1
9
5
4
0
9
5
4
6
0
5
4
6
0
4
0
5
6
0
9
8
10
0
4
1
8
4
0
5
13
0
4
5
13
4
0
5
13
6
5
4
12
6
2
14
10
2
6
10
4
10
0
9
2
9
0
10
4
13
12
9
4
13
12
9
14
9
13
8
10
8
0
9
10
8
0
1
2
4
0
13
9
4
0
5
1
0
4
8
2
1
4
5
12
0
1
2
4
1
0
8
9
5
9
0
2
5
4
0
9
12
6
4
5
9
0
4
6
0
9
4
6
1
9
0
8
1
0
4
8
4
0
5
13
4
5
0
13
5
4
0
13
12
5
4
6
10
9
2
6
9
10
2
4
9
2
10
0
9
0
4
10
12
13
4
9
12
13
9
14
9
10
8
13
9
10
8
0
13
2
0
1
13
9
4
0
8
0
1
4
0
8
2
4
8
1
4
12
2
0
1
4
9
1
0
4
5
12
0
2
12
5
4
9
14
12
6
4
11
9
0
6
10
9
0
6
10
9
0
8
13
4
0
8
12
13
4
0
12
13
4
0
9
0
4
13
1
4
12
5
10
9
2
6
10
12
9
4
5
2
10
9
2
9
10
0
2
9
4
13
12
13
9
6
12
13
10
9
14
10
9
0
13
2
0
1
8
9
0
13
8
0
1
4
1
0
4
2
8
9
1
4
13
2
1
0
14
9
4
0
14
12
2
5
11
9
12
4
21
14
12
6
22
11
9
6
21
10
9
6
20
10
9
8
20
13
4
8
11
12
13
0
11
13
12
0
10
0
9
13
3
1
4
12
7
2
10
6
14
12
4
10
14
2
5
10
11
10
9
2
11
2
9
13
11
6
9
12
15
12
10
13
22
14
10
9
21
13
2
0
11
8
13
9
10
8
1
0
13
4
0
2
14
9
8
4
15
13
2
0
22
14
9
4
23
14
12
2
23
11
9
12
26
21
14
12
26
22
11
9
30
21
10
9
30
20
10
9
30
20
13
8
28
11
13
12
28
11
13
12
23
10
13
9
22
12
3
4
22
10
6
2
22
14
10
12
20
10
14
2
21
11
10
2
11
2
9
13
11
9
12
6
10
13
12
7
19
10
9
14
17
2
13
0
15
13
9
11
14
10
1
0
13
2
4
0
19
14
9
8
17
15
13
2
19
14
22
9
26
23
14
2
26
23
11
9
25
26
21
14
27
26
22
11
26
30
21
10
26
30
20
10
31
30
20
13
31
28
11
12
31
28
11
13
30
23
10
13
29
22
12
3
29
22
10
6
28
22
14
10
28
20
10
14
22
21
10
11
17
2
9
11
3
11
9
12
3
10
12
13
16
19
10
9
16
17
13
2
16
15
13
9
7
14
10
0
14
13
2
4
19
9
14
8
17
2
13
15
18
19
9
22
25
26
23
2
18
11
26
9
25
26
14
21
25
27
26
11
25
26
21
10
24
26
30
10
36
31
30
13
36
31
11
28
36
31
11
13
27
30
23
13
31
29
22
3
31
29
22
10
27
22
28
14
26
28
10
20
19
22
10
21
3
17
2
9
1
3
9
11
1
3
10
12
2
16
10
9
6
2
16
13
7
16
15
13
7
14
10
0
17
14
13
2
18
19
9
8
16
17
2
13
18
19
9
22
18
2
25
26
16
18
11
9
18
25
14
21
25
11
26
27
24
25
26
10
24
26
10
30
32
36
30
31
32
36
31
28
32
36
31
11
36
27
30
23
39
31
29
22
39
31
22
29
39
27
22
28
25
26
10
28
25
19
10
21
9
2
17
3
6
3
9
11
0
3
10
12
2
16
10
9
6
2
16
13
16
15
7
13
19
14
7
10
19
17
14
2
18
19
9
8
7
16
2
13
7
18
9
19
3
18
2
25
3
16
9
18
16
14
18
25
24
11
25
27
24
10
26
25
24
26
30
10
32
34
36
30
34
32
36
28
32
49
36
31
49
36
27
30
49
39
29
31
48
39
31
29
49
39
27
28
49
25
26
28
29
25
19
21
29
17
2
9
22
11
6
9
20
10
12
0
20
10
9
2
22
13
6
2
29
15
16
13
29
14
19
10
28
19
17
14
18
19
16
9
6
7
13
2
12
7
19
9
14
2
3
18
15
9
16
3
22
14
16
25
28
27
24
11
28
26
24
10
26
30
24
10
51
30
36
32
50
32
34
36
56
49
36
31
50
49
36
27
48
49
39
31
48
39
31
29
49
39
27
28
49
26
25
28
51
29
25
21
51
29
17
9
51
22
11
9
29
20
10
12
29
20
10
9
51
22
13
6
50
29
15
16
50
29
19
14
51
28
19
17
7
9
19
16
14
7
13
6
20
12
19
7
21
14
3
2
23
15
9
3
30
22
14
25
30
28
27
24
30
28
26
24
31
30
26
24
58
30
51
36
56
50
36
34
56
57
31
49
57
50
49
36
61
48
39
49
61
48
39
31
62
39
49
27
59
49
26
25
57
51
29
25
59
51
29
17
62
51
22
11
61
29
20
10
60
29
20
10
60
51
22
13
58
50
29
15
58
50
29
19
61
51
28
19
17
19
7
9
21
14
13
7
21
19
12
20
21
23
3
14
26
23
3
15
25
26
22
30
27
24
30
28
56
26
24
30
59
26
31
30
59
58
36
51
56
57
50
34
57
56
49
31
57
50
36
49
61
39
48
49
62
61
39
48
62
39
49
27
59
57
49
26
57
51
29
25
59
51
29
17
63
62
51
22
63
61
29
20
63
60
29
20
63
60
51
22
61
58
50
29
61
58
50
29
62
61
51
28
23
19
17
7
23
21
14
7
26
19
21
20
26
23
21
3
25
26
23
3
36
25
26
30
32
27
24
30
56
35
26
24
56
59
26
31
57
58
59
36
58
57
56
50
57
47
56
49
44
57
36
50
44
39
61
49
44
62
39
61
44
39
62
49
44
59
57
49
46
57
51
25
44
59
51
29
45
63
62
51
46
63
61
29
46
63
60
29
47
63
60
51
47
61
58
50
47
61
58
50
63
61
62
51
30
23
19
17
27
23
21
14
48
26
19
20
48
23
26
21
49
23
26
25
49
36
30
25
49
32
27
24
56
50
35
24
56
57
59
31
58
57
36
59
58
47
57
56
46
47
57
49
44
36
57
50
44
41
39
61
44
62
41
61
43
44
39
62
43
44
57
49
46
57
51
25
40
44
59
51
45
63
62
51
45
46
63
61
45
46
63
60
45
47
63
60
45
47
61
58
45
47
61
58
45
63
61
62
59
30
23
19
59
27
23
21
50
48
26
20
48
50
26
23
49
51
26
23
49
51
30
36
49
60
27
32
50
57
56
35
57
56
59
31
35
58
36
57
47
44
58
57
41
47
46
49
40
44
36
57
43
44
41
39
43
44
62
61
43
44
62
39
43
54
44
49
54
46
57
51
42
40
44
59
42
45
63
62
40
45
46
61
41
45
46
63
41
45
47
63
41
45
47
61
41
45
47
61
44
45
61
63
39
59
30
19
56
59
27
23
59
50
26
48
58
50
48
26
60
49
51
26
60
36
49
51
60
27
32
49
37
35
57
50
37
57
56
59
37
35
36
58
44
33
47
58
33
46
47
41
33
40
36
44
35
39
44
43
39
61
44
43
39
44
62
43
47
44
43
54
47
46
57
54
44
59
42
40
55
42
63
45
54
40
61
46
43
41
46
63
42
41
47
45
41
47
45
61
41
47
45
61
41
44
45
61
50
39
59
30
56
59
27
23
58
50
48
59
58
48
50
26
39
60
49
51
39
36
49
60
33
32
60
49
37
33
35
57
33
37
57
59
33
37
36
35
33
44
58
47
33
46
47
41
33
38
36
44
37
35
39
44
37
39
44
61
37
39
44
62
37
44
47
43
37
46
47
57
44
46
59
40
46
45
63
55
47
61
46
40
61
46
63
43
47
63
42
45
41
46
47
61
41
33
61
47
41
33
61
44
48
50
39
59
52
56
59
27
52
58
48
59
53
58
48
50
53
49
39
51
53
49
39
36
49
53
33
32
53
33
35
57
49
33
57
37
49
33
35
37
52
33
58
47
52
33
47
46
52
38
33
44
42
35
44
39
34
44
61
37
33
44
37
39
33
43
44
37
40
47
37
46
40
44
46
59
44
46
45
55
44
46
47
61
46
61
63
43
47
63
45
42
47
46
61
41
54
33
41
61
33
61
41
55
