4
1
1
0
5
5
5
5
0
0
4
0
4
5
6
6
10
13
13
13
9
8
8
4
4
0
1
0
0
5
5
12
9
9
1
1
4
4
5
12
9
9
9
9
13
12
9
9
13
13
8
8
8
0
4
12
12
14
11
10
10
13
12
12
9
1
10
12
5
2
2
6
12
14
13
8
8
1
9
13
14
14
11
21
22
21
20
20
11
11
10
3
7
14
14
11
11
11
15
22
21
11
10
13
14
15
22
23
23
26
26
30
30
30
28
28
23
22
22
22
20
21
11
11
7
19
17
15
14
13
19
17
19
26
26
25
27
26
26
31
31
31
30
29
29
28
28
22
17
3
3
16
16
16
7
14
19
17
18
25
18
25
25
25
24
36
36
36
27
31
31
27
26
19
3
1
1
2
6
7
7
17
18
16
18
18
16
18
25
24
24
32
32
32
36
39
39
39
25
25
17
6
0
2
6
7
19
19
18
7
7
3
3
16
24
24
24
34
34
49
49
49
48
49
49
29
29
22
20
20
22
29
29
28
16
6
12
14
15
22
28
28
26
51
50
56
50
48
48
49
49
51
51
51
29
29
51
50
50
51
7
14
20
21
23
30
30
30
31
58
56
57
57
61
61
62
59
57
59
62
61
60
60
58
58
61
17
21
21
23
26
26
27
56
59
59
57
57
57
61
62
62
57
57
59
63
63
63
63
61
61
62
23
23
26
26
25
36
32
35
56
57
58
47
44
44
44
44
44
46
44
45
46
46
47
47
47
63
30
27
48
48
49
49
49
50
57
57
47
46
44
41
41
43
43
46
40
45
45
45
45
45
45
45
59
59
50
50
51
51
60
57
57
35
44
41
40
43
43
43
54
54
42
42
40
41
41
41
41
44
39
56
59
58
60
60
60
37
37
37
33
33
33
35
39
39
47
47
59
55
54
43
42
41
41
41
50
56
58
58
39
39
33
33
33
33
33
33
38
37
37
37
37
37
46
46
47
61
63
46
33
33
48
52
52
53
53
53
53
53
49
49
52
52
52
42
34
33
33
40
40
44
44
46
47
55
54
55
57
58
55
55
55
55
55
54
54
54
54
55
54
53
53
53
52
52
52
42
42
43
55
54
54
55
