-301
5
-10
20
25
437
-301
5
-10
20
25
340
-301
5
-10
20
25
260
-301
5
-10
20
25
285
-301
5
-10
20
25
414
-301
5
-10
20
25
103
-301
5
-10
20
25
262
-301
5
-10
20
25
102
-301
5
-10
20
25
101
-301
5
-10
20
25
418
-301
5
-10
20
25
427
-301
5
-10
20
25
417
-301
5
-10
20
25
360
-301
5
-10
20
25
286
-301
5
-10
20
25
416
-301
5
-10
20
25
181
-301
5
-10
20
25
236
-300
4
-10
19
25
258
-300
6
-10
19
25
238
-300
4
-11
18
25
284
-300
7
-8
17
24
4
-300
5
-10
20
25
206
-300
5
-9
20
24
180
-299
8
-7
14
23
52
-298
9
-6
13
23
315
-298
0
-12
13
24
426
-298
10
-5
12
22
28
-297
7
-6
9
22
214
-296
13
-2
6
21
264
-296
12
-2
8
20
5
-296
12
-2
8
21
239
1023
1023
1023
1023
1023
-1
-301
5
-10
20
25
361
-301
5
-10
20
25
387
-301
5
-10
20
25
261
-301
5
-10
20
25
388
-301
5
-10
20
25
362
-301
5
-10
20
25
22
-301
5
-10
20
25
441
-301
5
-10
20
25
365
-301
5
-10
20
25
439
-301
5
-10
20
25
128
-301
5
-10
20
25
385
-301
5
-10
20
25
386
-301
5
-10
20
25
129
-301
5
-10
20
25
263
-301
5
-10
20
25
389
-301
5
-10
20
25
259
-301
5
-10
20
25
391
-301
5
-10
20
25
392
-301
5
-10
20
25
366
-301
5
-10
20
25
440
-301
5
-10
20
25
412
-301
5
-10
20
25
438
-301
5
-10
20
25
207
-301
5
-10
20
25
390
-301
5
-10
20
25
287
-301
5
-10
20
25
364
-301
5
-10
20
25
77
-301
5
-10
20
25
415
-301
5
-10
20
25
0
-301
5
-10
20
25
413
-300
4
-10
20
25
232
1023
1023
1023
1023
1023
-1
-301
5
-10
20
25
1
-301
5
-10
20
25
464
-301
5
-10
20
25
47
-301
5
-10
20
25
27
-301
5
-10
20
25
454
-301
5
-10
20
25
25
-301
5
-10
20
25
23
-301
5
-10
20
25
363
-301
5
-10
20
25
75
-301
5
-10
20
25
48
-301
5
-10
20
25
453
-301
5
-10
20
25
452
-301
5
-10
20
25
237
-301
5
-10
20
25
74
-301
5
-10
20
25
465
-301
5
-10
20
25
455
-301
5
-10
20
25
21
-301
5
-10
20
25
49
-301
5
-10
20
25
50
-301
5
-10
20
25
51
-301
5
-10
20
25
467
-301
5
-10
20
25
463
-301
5
-10
20
25
26
-301
5
-10
20
25
235
-301
5
-10
20
25
337
-301
5
-10
20
25
234
-301
5
-10
20
25
443
-301
5
-10
20
25
442
-299
7
-12
21
24
456
-297
10
-14
22
22
428
-296
11
-15
23
22
445
1023
1023
1023
1023
1023
-1
-301
5
-10
20
25
288
-301
5
-10
20
25
333
-301
5
-10
20
25
314
-301
5
-10
20
25
466
-301
5
-10
20
25
24
-301
5
-10
20
25
2
-301
5
-10
20
25
334
-301
5
-10
20
25
411
-301
5
-10
20
25
76
-301
5
-10
20
25
307
-301
5
-10
20
25
309
-301
5
-10
20
25
310
-301
5
-10
20
25
312
-301
5
-10
20
25
311
-301
5
-10
20
25
155
-301
5
-10
20
25
359
-301
5
-10
20
25
289
-301
5
-10
20
25
308
-301
5
-10
20
25
339
-301
5
-10
20
25
313
-301
5
-10
20
25
336
-301
5
-10
20
25
338
-301
5
-10
20
25
335
-301
5
-10
20
25
154
-301
5
-10
20
25
444
-301
5
-10
20
25
233
-301
5
-10
20
25
3
-299
4
-7
22
21
127
-299
3
-6
23
19
73
-299
4
-6
23
20
100
-298
3
-5
24
19
306
1023
1023
1023
1023
1023
-1
-280
-29
-18
-12
24
257
-279
-20
-28
-9
7
212
-288
-15
-18
-4
18
213
-289
-14
-16
-2
20
451
-291
-11
-16
0
20
462
-292
-8
-11
11
26
46
-293
-7
-15
4
21
283
-290
8
-20
18
18
401
-295
15
-3
5
25
341
-293
17
-9
9
30
367
-292
18
1
-1
22
78
-287
26
15
-16
11
29
-285
27
18
-17
9
6
-286
28
1
-9
29
104
-285
29
18
-22
10
53
-282
32
-12
3
33
130
-279
40
21
-35
16
290
-278
-30
-8
7
37
231
-276
-30
-27
-20
9
282
-276
-5
-35
10
-1
211
-275
-38
-20
-20
24
436
-275
-30
-29
-21
7
461
-273
49
40
-55
0
215
-272
-15
-38
-2
-4
281
-271
-36
-31
-27
5
450
-271
-41
-8
2
40
410
-270
-17
-39
-2
-5
460
-269
5
9
-55
1
190
-263
-25
-45
-12
-12
449
-259
70
63
-91
-9
240
-259
64
69
-81
-20
30
1023
1023
1023
1023
1023
-1
-280
24
-31
33
8
209
-284
23
-26
30
13
457
-283
27
-26
31
16
182
-280
33
-24
23
23
156
-291
17
-19
25
21
419
-293
14
-17
24
20
208
-292
18
-15
19
26
393
-292
-7
-8
19
29
20
-292
-3
7
36
4
153
-289
-6
12
41
0
332
-284
-13
12
45
9
179
-287
-6
18
43
-10
250
-281
-15
19
36
-13
72
-284
-9
26
50
-18
305
-282
-12
30
54
-22
126
-281
-12
32
56
-24
99
-280
19
-27
25
11
224
-280
-22
3
35
32
205
-279
-19
18
53
5
358
-278
28
-33
34
7
446
-277
19
-12
42
-4
278
-276
12
-35
29
0
210
-273
-30
6
38
34
384
-272
23
-36
38
-3
279
-271
26
-40
37
-1
458
-270
-17
55
70
-51
277
-270
5
-41
24
-8
280
-269
5
-43
24
-10
459
-264
44
-40
47
-3
251
-262
28
-49
40
-10
447
-260
1
-51
21
-19
448
1023
1023
1023
1023
1023
-1
-237
91
83
-125
-13
191
-245
88
69
-110
7
79
-254
78
70
-103
-10
265
-246
89
49
-98
19
316
-234
-108
-43
-98
5
425
-237
-90
-51
-90
-13
189
-256
67
71
-86
-18
54
-256
-70
-35
-62
6
400
-219
40
171
-18
-136
487
-219
40
171
-18
-136
481
-219
40
171
-18
-136
473
-255
55
-54
49
-6
429
-230
84
-75
66
-13
420
-240
-41
122
119
-122
304
-239
-50
105
122
-90
331
-237
-55
105
125
-88
152
-219
40
171
-18
-136
470
-219
40
171
-18
-136
476
-219
40
171
-18
-136
474
-219
40
171
-18
-136
475
-219
40
171
-18
-136
492
-219
40
171
-18
-136
493
-219
40
171
-18
-136
488
-219
40
171
-18
-136
478
-219
40
171
-18
-136
491
-219
40
171
-18
-136
469
-219
40
171
-18
-136
472
-219
40
171
-18
-136
483
-219
-63
154
148
-151
98
-219
116
46
-78
-13
7
-219
40
171
-18
-136
477
1023
1023
1023
1023
1023
-1
-210
118
166
-169
-80
31
-209
-137
-57
-118
4
256
-217
123
41
-111
64
105
-218
125
25
-95
49
342
-219
40
171
-18
-136
482
-219
40
171
-18
-136
485
-219
40
171
-18
-136
489
-219
40
171
-18
-136
480
-219
40
171
-18
-136
486
-219
40
171
-18
-136
484
-219
40
171
-18
-136
479
-219
40
171
-18
-136
490
-219
40
171
-18
-136
468
-219
40
171
-18
-136
471
-218
91
-88
74
-23
183
-216
-68
154
156
-142
125
-200
148
157
-217
-45
216
-194
141
183
-200
-73
55
-207
-138
-61
-119
2
435
-200
139
-32
-23
65
131
-204
138
-38
-19
49
368
-204
126
-81
55
8
394
-183
-146
44
56
91
204
-184
-140
46
63
95
383
-191
136
-92
70
5
157
-207
108
-100
81
-39
402
-187
113
-120
92
-59
252
-202
-102
101
139
-10
178
-204
-96
104
141
-12
357
-206
-61
190
160
-188
276
1023
1023
1023
1023
1023
-1
1023
1023
1023
1023
1023
-1
100
-270
-319
-236
-229
163
183
-252
-379
-159
-222
162
-24
-209
-234
-199
-188
164
233
-199
-404
-151
-129
406
-123
-202
-138
-186
-66
434
-99
-226
-131
-210
-52
374
97
-462
-176
-246
-40
373
-2
-303
-174
-172
-28
398
-113
-278
-95
-222
-13
399
223
-334
-231
18
-11
372
125
-355
-248
-237
32
407
-148
-230
-3
-73
48
45
-58
-284
-107
-184
72
229
-28
-328
-106
-197
100
408
77
-270
-72
-131
217
202
153
-362
11
-46
370
381
213
-52
-430
-110
-273
172
216
-59
-417
-109
-261
349
33
-103
-237
47
-48
397
-69
-69
-220
-34
-171
186
-66
-148
-214
-124
-155
433
138
-59
-212
-102
84
201
-14
-143
-200
-66
-4
228
-98
-172
-178
-154
-139
187
-140
-95
-146
-48
-79
423
-112
-137
-135
-186
-128
165
-161
-140
-116
-120
-48
255
-170
-155
-111
-156
-73
188
-167
-170
-99
-151
-35
424
-179
-173
-26
-72
79
409
-179
-176
-25
-78
76
230
1023
1023
1023
1023
1023
-1
28
-336
20
7
-79
197
192
-631
35
-116
73
44
-39
-291
35
-28
204
203
-130
-240
51
10
37
19
-71
-339
53
-44
10
223
-30
-287
68
40
236
382
-78
-310
100
-24
-62
249
158
-549
132
-126
-155
70
64
-250
177
1
256
176
-67
-220
189
165
89
177
229
-589
198
-5
-112
248
-68
-201
225
229
56
356
152
-391
291
-114
-209
96
100
-260
318
201
243
355
9
-297
340
87
-293
275
179
-215
606
65
-239
301
-18
-130
497
273
-353
302
-156
-83
282
206
-258
303
-95
-173
251
103
-222
97
3
-160
462
289
-211
329
-135
-119
278
245
-206
330
-118
-119
282
224
-167
124
-126
-140
249
230
-135
151
-150
-200
70
-30
-83
71
-11
-130
362
123
-56
123
183
-173
602
187
-28
328
-6
-176
335
166
7
150
163
-190
354
-146
121
122
100
-115
330
-36
223
149
176
-144
49
-188
310
175
213
-50
196
-259
361
148
1023
1023
1023
1023
1023
-1
-54
5
-249
25
-201
432
-85
59
-216
84
-149
185
195
60
-390
168
-114
160
-6
66
-251
90
-93
227
217
82
-464
72
-265
405
-91
113
-217
110
-166
431
27
137
-259
192
-58
396
127
162
-305
-5
-90
200
-50
204
-233
147
-116
226
82
206
-310
224
-63
159
-63
210
-239
165
-155
403
13
212
-283
103
-165
199
104
233
-392
196
-266
404
13
257
-304
178
-194
376
206
287
-449
171
-246
377
180
326
-249
263
43
370
95
293
-84
-330
-91
166
-148
-40
-153
-3
-97
254
-134
44
-153
10
-85
375
-81
235
-63
24
129
132
14
361
-154
71
54
369
-135
24
-164
73
-95
422
-123
104
-174
75
-106
198
-151
66
-156
87
-103
253
-174
114
-135
98
-79
430
-171
149
-131
102
-55
225
-144
112
-160
112
-87
184
-151
123
-150
113
-70
421
83
293
-123
153
197
133
-68
205
-189
160
-20
158
-43
255
-209
162
-38
395
1023
1023
1023
1023
1023
-1
54
471
77
-239
-59
192
-177
186
144
-248
9
291
-82
305
152
-307
57
317
-169
175
180
-230
-14
80
-172
184
196
-269
-52
241
-151
212
210
-301
-40
266
-17
356
274
-376
41
292
-144
171
294
-237
-163
32
-89
263
306
-340
-97
217
-54
270
321
-304
-24
81
-105
218
331
-292
-139
56
211
553
332
-263
-190
218
-9
341
354
-381
-37
267
-36
317
355
-389
-70
242
-1
265
489
-301
-192
57
137
410
513
-319
-87
243
206
443
376
-117
-330
34
-31
251
392
-228
-253
33
101
274
614
-221
-205
58
218
276
665
-67
-197
59
15
394
45
-164
-34
8
72
305
443
-219
-13
82
163
408
441
-193
-11
268
198
276
512
-26
35
83
161
433
342
-175
79
293
-14
368
20
-147
108
343
116
454
191
-196
121
318
-116
222
100
-159
134
106
205
456
-48
118
138
344
27
308
155
-106
222
107
180
296
175
89
292
108
1023
1023
1023
1023
1023
-1
353
-266
-471
-103
-186
138
243
-306
-403
-214
-202
139
261
-311
-363
-173
-182
348
387
-395
-263
94
-71
347
368
-351
-263
23
-354
171
348
-329
-161
-199
357
380
241
-623
148
13
-17
222
305
-622
168
73
-79
196
240
-657
187
43
31
18
394
-273
198
251
-72
195
387
-295
207
-380
268
121
401
-368
236
299
-93
221
485
-561
262
-291
-123
95
443
-429
290
249
-132
247
304
-268
301
0
484
354
292
-481
401
-71
-242
274
441
-189
-476
64
-94
137
237
-146
-410
-2
-174
161
440
-68
-409
240
51
136
431
-99
-380
-183
140
379
443
-143
-334
182
168
113
358
-182
-302
-225
175
146
464
-72
-252
284
303
112
434
-122
-181
404
24
346
254
-8
-161
-290
165
174
303
-85
-63
-335
338
147
515
-28
-24
-471
388
325
444
-151
107
-237
570
353
465
-71
345
-393
462
326
394
-261
552
-280
5
300
347
-128
579
-113
272
327
1023
1023
1023
1023
1023
-1
519
-365
381
-84
-63
273
550
-387
-269
43
-64
145
561
-772
191
-77
-208
69
576
-497
-55
217
-322
170
584
-377
-57
-348
300
120
614
-853
89
32
71
43
686
-863
317
155
10
17
752
-404
-137
304
-203
144
823
-555
142
-267
-14
94
837
-441
-167
-57
99
119
982
-705
202
38
-213
68
1058
-752
122
221
50
42
1141
-438
4
-26
2
93
1148
-722
384
226
-22
16
1371
-398
169
94
-188
67
1472
-388
132
247
11
41
548
-132
-505
-133
-74
323
571
-171
-426
206
-50
322
539
-41
-355
-391
125
324
1056
-322
-173
168
-103
118
579
-89
-169
562
5
321
1360
-214
-73
78
-36
92
677
-94
11
-339
345
298
545
-83
17
319
-171
169
1599
-94
124
6
-114
66
1710
-77
169
93
0
40
686
-66
318
54
144
272
561
-200
322
-458
235
299
1575
-314
388
124
-84
15
1812
-6
393
-28
-142
14
602
-26
397
411
-154
246
1023
1023
1023
1023
1023
-1
358
53
-297
-445
-184
140
545
391
-176
-439
-136
141
477
24
-175
-278
389
352
372
586
-26
-273
-54
167
257
13
-363
-223
-91
173
430
754
38
-189
-38
9
402
166
-387
-139
60
351
291
170
-458
-40
-191
350
371
159
-495
10
-125
378
471
358
23
124
-57
168
245
28
-268
265
21
371
248
221
-200
298
226
134
384
65
-299
341
177
135
473
18
-137
385
373
111
368
269
-125
407
107
345
412
117
-1
409
384
110
486
583
312
66
-253
219
498
103
312
382
-206
220
436
551
554
-56
-160
244
380
341
524
156
-157
60
365
655
87
-125
-87
193
425
245
164
195
-81
194
360
386
460
130
46
269
488
185
43
573
73
320
357
375
308
266
78
294
535
210
155
577
107
295
317
423
155
213
133
319
292
229
481
148
163
84
375
175
381
277
303
85
321
208
126
310
346
109
444
152
193
380
365
86
1023
1023
1023
1023
1023
-1
549
154
-44
468
279
87
590
86
-344
-134
10
114
629
321
-115
-23
-114
142
659
105
-102
481
231
296
711
24
-204
97
334
297
713
-1
-112
288
-158
143
766
285
-206
257
129
88
786
317
-294
-325
-90
115
904
505
14
340
-76
62
908
280
-265
-150
-126
116
1008
358
-271
-43
26
89
1024
39
-235
83
-136
117
1195
252
-273
-161
7
90
1199
432
-102
98
10
63
1337
52
-194
-78
0
91
1439
243
-98
-137
79
64
566
669
252
43
-332
35
953
721
150
116
-225
36
651
450
480
264
-194
245
1830
66
391
-85
-131
13
611
438
243
381
-127
61
1316
540
110
46
-71
37
1663
298
317
-61
-71
12
1318
664
206
-49
-30
11
885
868
99
-115
-28
10
1599
235
136
-65
27
38
1591
77
15
-171
29
65
1734
33
183
-66
36
39
597
377
352
332
160
270
744
270
264
271
226
271
1023
1023
1023
1023
1023
-1
1023
1023
1023
1023
1023
-1
