-245
82
-43
18
26
-149
179
-81
23
66
-49
207
-74
23
168
40
153
-6
-13
301
113
43
118
-73
380
120
6
259
-88
333
82
9
370
-60
182
66
48
396
-1
6
200
278
309
28
-115
531
647
193
-3
-140
919
810
148
-24
-71
1023
658
182
-50
-3
1023
310
286
-85
-34
1023
68
386
-89
-125
1023
-6
393
-28
-142
1023
-314
388
124
-84
1023
-722
384
226
-22
686
-863
317
155
10
240
-657
187
43
31
-130
-240
51
10
37
-292
-7
-8
19
29
-301
5
-10
20
25
-301
5
-10
20
25
-301
5
-10
20
25
-301
5
-10
20
25
-301
5
-10
20
25
-248
71
-57
53
1
-150
156
-143
115
-39
-41
180
-222
140
-46
62
127
-257
70
17
150
16
-217
-68
148
176
-29
-98
-140
293
163
-17
67
-146
375
176
46
213
-120
324
293
226
194
14
163
569
506
60
137
11
912
650
-21
133
-25
1023
542
-23
1
44
1023
273
37
-138
121
1023
48
147
-97
77
1023
-75
160
88
9
1023
-390
127
251
15
1023
-756
118
228
52
611
-854
82
33
77
189
-630
28
-120
81
-149
-228
-7
-75
53
-292
-7
-12
10
27
-301
5
-10
20
25
-301
5
-10
20
25
-301
5
-10
20
25
-301
5
-10
20
25
-301
5
-10
20
25
-274
37
-36
38
7
-212
88
-98
77
-45
-128
118
-179
107
-121
-30
109
-266
92
-183
69
56
-328
17
-181
139
9
-330
-60
-85
175
-11
-257
-124
84
216
14
-130
-174
249
297
100
-79
-40
279
490
286
-168
166
176
771
447
-263
191
69
1023
442
-297
34
64
1023
273
-257
-156
136
1023
50
-137
-124
130
1023
-167
-79
120
40
1023
-489
-80
235
2
862
-766
-66
108
14
453
-776
-59
-116
32
76
-515
-59
-221
49
-195
-168
-33
-102
35
-295
-3
-13
11
24
-301
5
-10
20
25
-301
5
-10
20
25
-301
5
-10
20
25
-301
5
-10
20
25
-301
5
-10
20
25
-301
5
-10
20
25
-298
9
-13
22
23
-278
29
-32
34
9
-231
67
-79
62
-31
-154
103
-154
91
-99
-58
113
-241
93
-168
45
89
-312
40
-181
145
63
-329
-59
-92
217
24
-308
-52
27
338
79
-348
62
52
561
252
-397
56
-15
814
358
-428
-28
-69
1023
293
-419
-128
-53
1023
95
-289
-173
-46
1023
-192
-140
-37
-122
1017
-505
-72
13
-175
661
-705
-18
-63
-201
306
-662
17
-151
-192
-28
-378
-9
-171
-86
-238
-97
-19
-60
0
-299
3
-11
17
24
-301
5
-10
20
25
-301
5
-10
20
25
-301
5
-10
20
25
-301
5
-10
20
25
-301
5
-10
20
25
-301
5
-10
20
25
-301
5
-10
20
25
-301
5
-10
20
25
-300
6
-11
20
25
-288
20
-23
28
16
-246
58
-63
55
-16
-168
109
-140
93
-82
-55
150
-238
107
-150
20
69
-290
61
-160
103
-2
-334
4
-143
304
148
-349
-138
-154
524
311
-347
-166
-182
692
316
-363
-46
-193
899
139
-299
-85
-159
971
-170
-105
-162
-145
756
-412
30
-222
-116
457
-536
118
-192
-146
185
-502
179
-60
-212
-86
-260
128
23
-164
-256
-51
35
36
-39
-298
3
-5
24
19
-301
5
-10
20
25
-301
5
-10
20
25
-301
5
-10
20
25
-301
5
-10
20
25
-301
5
-10
20
25
-301
5
-10
20
25
-301
5
-10
20
25
-301
5
-10
20
25
-301
5
-10
20
25
-301
5
-10
20
25
-301
5
-10
20
25
-285
24
-26
30
14
-225
82
-83
68
-29
-186
69
-123
80
-74
-152
22
-148
33
-103
37
190
-156
-172
-121
252
333
-148
-202
-120
377
307
-160
53
-128
543
143
-177
116
-117
659
-111
-61
-74
-31
514
-223
65
-255
123
293
-300
181
-197
159
117
-349
267
31
31
-79
-219
226
174
-88
-233
-64
95
119
-61
-291
-3
6
36
6
-301
5
-10
20
25
-301
5
-10
20
25
-301
5
-10
20
25
-301
5
-10
20
25
-301
5
-10
20
25
-301
5
-10
20
25
-301
5
-10
20
25
-301
5
-10
20
25
-301
5
-10
20
25
-301
5
-10
20
25
-300
6
-10
19
25
-299
8
-7
15
23
-289
20
-10
16
15
-282
20
-14
21
4
-270
22
-5
2
-6
-88
261
-6
-133
-21
110
398
-10
-107
-23
214
262
-21
128
-45
351
78
-91
251
-115
494
-81
-105
61
-102
414
-52
-58
-201
68
258
-129
66
-221
202
147
-306
208
-47
159
-12
-278
239
152
10
-182
-124
133
149
-48
-280
-17
20
52
0
-301
5
-10
20
25
-301
5
-10
20
25
-301
5
-10
20
25
-301
5
-10
20
25
-301
5
-10
20
25
-301
5
-10
20
25
-301
5
-10
20
25
-301
5
-10
20
25
-299
7
-8
16
24
-293
18
4
-1
17
-279
35
31
-31
1
-260
53
70
-59
-25
-239
63
115
-66
-61
-221
59
158
-52
-101
-195
72
196
-60
-129
-13
302
170
-120
-142
146
382
133
-18
-121
185
159
113
182
-92
252
-56
20
260
-132
375
-110
-107
107
-178
328
62
-175
-96
-98
226
4
-107
-155
44
167
-274
38
-125
121
43
-353
136
17
84
-140
-191
105
100
18
-270
-33
18
50
16
-301
5
-10
20
25
-301
5
-10
20
25
-301
5
-10
20
25
-301
5
-10
20
25
-301
5
-10
20
25
-301
5
-10
20
25
-301
5
-10
20
25
-299
8
-7
14
23
-284
31
18
-23
11
-248
79
79
-102
-13
-194
133
173
-178
-54
-135
162
281
-192
-110
-77
154
384
-143
-175
-26
143
472
-110
-226
24
163
529
-124
-249
182
336
456
-77
-261
283
319
355
133
-253
246
24
287
309
-203
189
-233
170
250
-133
206
-211
-21
65
-96
150
90
-171
18
-63
87
117
-182
43
15
74
-150
-104
-27
99
16
-331
-15
-78
125
-131
-226
22
-14
82
-265
-47
1
20
37
-301
5
-10
20
25
-301
5
-10
20
25
-301
5
-10
20
25
-301
5
-10
20
25
-301
5
-10
20
25
-301
5
-10
20
25
-298
9
-6
13
23
-281
36
23
-32
9
-226
110
105
-147
-16
-152
181
200
-219
-31
-73
208
287
-171
-28
1
178
354
-37
-8
58
120
373
76
54
100
115
356
52
167
172
191
386
-63
227
322
338
376
-48
166
394
256
356
146
41
336
-60
345
299
-77
219
-325
277
224
-135
122
-291
103
60
-126
23
31
-85
96
-102
-34
113
-166
142
-47
-41
-68
-154
37
24
-66
-237
-98
-104
67
-158
-203
-37
-101
61
-267
-49
-13
-11
35
-301
5
-10
20
25
-301
5
-10
20
25
-301
5
-10
20
25
-301
5
-10
20
25
-301
5
-10
20
25
-301
5
-10
20
25
-292
18
0
0
23
-241
94
67
-115
12
-147
202
156
-226
25
-48
252
223
-160
48
46
216
251
49
67
126
117
226
242
109
161
38
120
275
221
183
49
16
165
330
260
143
-11
33
410
388
247
9
6
429
449
161
115
36
361
406
-96
253
34
201
288
-304
316
-2
-1
142
-279
263
12
-170
7
-51
124
159
-251
-80
26
-13
188
-213
-120
-61
-91
50
-119
-152
-150
-92
-92
-38
-209
-134
-52
-105
8
-278
-33
-19
-16
23
-301
5
-10
20
25
-301
5
-10
20
25
-301
5
-10
20
25
-301
5
-10
20
25
-301
5
-10
20
25
-301
5
-10
20
25
-290
21
-7
3
32
-221
117
16
-84
74
-106
235
36
-98
141
10
258
35
55
191
116
164
0
256
191
196
8
-75
339
147
210
-83
-190
237
93
216
-50
-301
98
31
285
56
-377
20
14
378
120
-385
-13
82
424
37
-269
-96
212
406
-137
-42
-230
294
324
-238
195
-285
231
185
-190
333
-167
50
44
-79
339
61
-140
-63
-48
257
180
-247
-141
-75
144
135
-228
-204
-83
47
36
-126
-255
-56
0
-10
-30
-290
-10
-10
7
15
-301
5
-10
20
25
-301
5
-10
20
25
-301
5
-10
20
25
-301
5
-10
20
25
-301
5
-10
20
25
-301
5
-10
20
25
-288
23
-16
15
28
-209
128
-51
2
49
-80
234
-114
78
82
32
206
-170
194
109
112
48
-210
215
88
149
-140
-238
104
2
111
-200
-269
-50
-115
73
-109
-308
-89
-214
117
23
-377
-29
-277
194
84
-435
8
-275
258
36
-424
-71
-162
292
-76
-304
-234
55
276
-140
-85
-324
266
204
-98
163
-260
327
113
-58
335
-110
216
12
-71
373
60
30
-86
-94
313
173
-112
-174
-82
210
180
-145
-246
-43
94
110
-79
-289
-6
12
41
0
-301
5
-10
20
25
-301
5
-10
20
25
-301
5
-10
20
25
-301
5
-10
20
25
-301
5
-10
20
25
-301
5
-10
20
25
-287
23
-22
28
20
-206
117
-92
78
-10
-96
177
-188
150
-52
-33
91
-237
143
-76
-22
-89
-225
8
-72
-54
-234
-169
-154
-55
-149
-202
-99
-173
-32
-233
-66
-55
-64
-9
-220
57
-84
44
-31
-138
130
-167
109
-104
-29
148
-264
116
-171
81
103
-325
30
-153
165
21
-297
-113
-7
195
-25
-160
-202
206
174
-56
33
-193
346
94
-110
180
-56
326
-14
-152
222
107
189
-119
-141
179
172
46
-212
-84
96
131
-13
-279
-19
18
53
5
-301
5
-10
20
25
-301
5
-10
20
25
-301
5
-10
20
25
-301
5
-10
20
25
-301
5
-10
20
25
-301
5
-10
20
25
-291
16
-19
26
19
-239
70
-70
60
-19
-195
73
-116
80
-70
-182
6
-129
35
-97
-186
-75
-116
-58
-82
-208
-120
-78
-117
-37
-262
-58
-34
-51
5
-295
-4
-13
8
22
-299
8
-12
21
24
-277
32
-33
35
8
-214
87
-95
74
-41
-117
138
-187
115
-117
-4
144
-278
102
-165
101
89
-318
-1
-110
159
-8
-259
-123
55
122
-129
-124
-124
221
22
-213
0
-34
267
-89
-206
55
42
192
-194
-125
44
65
88
-273
-30
6
38
34
-301
5
-10
20
25
-301
5
-10
20
25
-301
5
-10
20
25
-301
5
-10
20
25
-301
5
-10
20
25
-301
5
-10
20
25
-301
5
-10
20
25
-298
8
-13
21
23
-296
8
-14
22
21
-296
5
-15
20
20
-296
2
-14
16
21
-297
0
-13
13
23
-300
4
-11
18
24
-301
5
-10
20
25
-301
5
-10
20
25
-301
5
-10
20
25
-295
12
-16
23
21
-261
46
-48
45
-3
-186
105
-122
88
-64
-82
146
-218
119
-139
15
111
-288
76
-159
45
-41
-273
-31
-84
0
-198
-185
-118
30
-87
-234
-85
-122
93
-189
-155
-23
-57
78
-271
-41
-8
2
40
-301
5
-10
20
25
-301
5
-10
20
25
-301
5
-10
20
25
-301
5
-10
20
25
-301
5
-10
20
25
-301
5
-10
20
25
-301
5
-10
20
25
-301
5
-10
20
25
-301
5
-10
20
25
-301
5
-10
20
25
-301
5
-10
20
25
-301
5
-10
20
25
-301
5
-10
20
25
-301
5
-10
20
25
-301
5
-10
20
25
-301
5
-10
20
25
-301
5
-10
20
25
-301
5
-10
20
25
-289
19
-22
28
17
-242
65
-68
58
-19
-170
104
-138
93
-81
-131
51
-175
68
-121
-131
-65
-163
-32
-104
-156
-147
-118
-125
-48
-212
-129
-58
-109
4
-275
-38
-20
-20
24
-301
5
-10
20
25
-301
5
-10
20
25
-301
5
-10
20
25
-301
5
-10
20
25
-301
5
-10
20
25
-301
5
-10
20
25
-301
5
-10
20
25
-301
5
-10
20
25
-301
5
-10
20
25
-301
5
-10
20
25
-301
5
-10
20
25
-301
5
-10
20
25
-301
5
-10
20
25
-301
5
-10
20
25
-301
5
-10
20
25
-301
5
-10
20
25
-301
5
-10
20
25
-301
5
-10
20
25
-301
5
-10
20
25
-299
7
-12
21
24
-284
23
-26
30
13
-271
26
-40
37
-1
-269
5
-43
24
-10
-270
-17
-39
-2
-5
-275
-30
-29
-21
7
-291
-11
-16
0
20
-301
5
-10
20
25
-301
5
-10
20
25
-301
5
-10
20
25
-301
5
-10
20
25
-301
5
-10
20
25
-219
40
171
-18
-136
-219
40
171
-18
-136
-219
40
171
-18
-136
-219
40
171
-18
-136
-219
40
171
-18
-136
-219
40
171
-18
-136
-219
40
171
-18
-136
-219
40
171
-18
-136
-219
40
171
-18
-136
-219
40
171
-18
-136
-219
40
171
-18
-136
-219
40
171
-18
-136
-219
40
171
-18
-136
-219
40
171
-18
-136
-219
40
171
-18
-136
-219
40
171
-18
-136
-219
40
171
-18
-136
-219
40
171
-18
-136
-219
40
171
-18
-136
-219
40
171
-18
-136
-219
40
171
-18
-136
-219
40
171
-18
-136
-219
40
171
-18
-136
-219
40
171
-18
-136
-219
40
171
-18
-136
-219
40
171
-18
-136
