429
225
158
227
174
175
175
148
108
168
62
63
89
272
272
93
42
43
44
45
46
437
437
437
437
437
446
402
198
431
200
200
200
175
108
345
88
89
89
90
118
118
42
43
44
435
426
437
437
437
437
437
444
428
446
420
184
431
227
200
200
371
114
116
89
116
118
93
69
222
399
435
284
437
437
437
437
437
444
337
444
337
457
429
430
431
227
200
350
142
142
116
118
94
95
248
249
331
306
437
437
437
437
437
444
337
444
337
444
444
457
420
252
375
166
167
168
168
145
120
121
176
356
152
153
437
437
437
437
437
444
337
444
337
444
238
315
367
457
460
8
8
168
371
169
174
147
176
177
152
358
437
437
437
437
437
444
337
444
315
78
290
30
54
487
55
8
8
168
371
169
173
174
203
223
204
358
437
437
437
437
437
444
337
315
53
265
55
33
33
33
58
34
60
220
356
398
198
198
203
203
19
384
437
437
437
437
437
444
315
53
191
191
55
82
83
83
83
83
269
220
275
197
422
158
423
229
45
410
437
437
437
437
437
444
78
79
191
106
107
108
108
108
108
109
109
327
96
96
97
253
423
255
435
436
437
437
437
437
437
444
367
316
106
107
108
133
397
160
378
351
351
147
121
122
97
253
97
423
429
283
437
437
437
437
437
444
367
368
132
133
158
397
397
186
405
405
350
146
147
148
149
123
124
151
331
332
437
437
437
437
437
444
419
157
158
227
397
374
434
400
420
184
431
200
200
175
175
149
177
383
152
358
437
437
437
437
437
444
419
420
252
375
435
435
400
283
456
446
183
184
227
200
200
175
203
382
383
384
437
437
437
437
437
444
337
456
208
208
401
426
284
444
337
444
208
251
252
431
227
227
228
229
435
410
437
437
437
437
437
444
337
337
444
444
444
444
236
444
337
444
444
444
419
420
430
422
423
255
256
436
437
437
437
437
437
444
337
337
444
444
444
444
236
444
337
444
444
444
444
456
457
458
459
460
461
462
437
437
437
437
437
486
486
487
486
486
487
486
487
487
487
486
486
486
486
487
486
486
486
486
487
486
486
486
486
486
486
