25
23
20
22
30
31
42
29
42
30
43
31
42
47
43
30
39
47
37
51
39
37
47
49
39
37
46
47
39
46
59
25
46
58
47
59
58
62
56
57
63
62
61
56
63
62
61
60
62
61
63
55
55
63
62
61
55
53
52
63
53
55
52
54
53
52
49
54
52
53
48
49
49
48
37
36
36
33
30
38
20
16
3
2
0
1
2
4
0
1
2
4
0
1
2
4
0
1
2
4
0
1
2
4
25
23
22
20
43
31
42
30
43
41
42
31
40
43
42
30
51
40
39
47
39
37
42
47
39
37
47
46
39
47
59
46
47
59
58
46
57
58
62
63
61
62
63
56
61
62
63
60
61
62
63
55
55
61
63
62
55
53
63
52
53
54
52
55
53
52
54
49
52
48
49
53
36
48
49
37
33
36
30
38
16
20
3
2
0
1
2
4
0
1
2
4
0
1
2
4
0
1
2
4
0
1
2
4
22
23
20
25
31
29
43
30
42
43
31
41
40
42
43
30
40
51
47
39
40
42
47
39
40
39
47
46
39
42
47
46
47
57
59
58
57
58
63
62
60
61
56
63
61
60
62
63
61
62
63
55
61
63
55
62
54
53
52
55
54
53
52
55
53
52
54
49
52
48
49
53
36
33
48
37
30
33
36
38
3
16
2
20
0
1
2
4
0
1
2
4
0
1
2
4
0
1
2
4
0
1
2
4
15
20
22
23
11
29
30
31
22
31
43
42
25
30
43
42
43
40
47
39
40
42
47
39
40
46
47
39
40
42
46
47
40
57
47
58
57
58
63
62
60
56
61
63
61
60
62
63
61
62
63
55
61
63
62
55
54
53
52
55
53
54
52
55
52
53
49
54
48
52
49
53
33
36
32
37
30
33
38
25
2
3
20
16
0
1
2
4
0
1
2
4
0
1
2
4
0
1
2
4
0
1
2
4
15
20
22
23
11
15
29
30
15
22
31
43
11
25
30
43
20
43
40
47
25
42
40
47
43
40
47
46
40
42
46
47
40
57
47
58
40
57
58
62
56
60
61
63
60
56
61
62
60
61
62
63
61
62
55
63
54
53
52
55
53
52
54
55
49
52
48
53
37
48
49
52
36
33
37
32
25
30
38
33
15
2
3
20
0
1
2
4
0
1
2
4
0
1
2
4
0
1
2
4
0
1
2
4
15
20
22
23
11
15
29
30
15
22
31
43
11
15
25
30
15
20
43
40
15
25
42
40
20
43
40
47
25
42
40
47
31
40
47
57
42
40
57
58
42
56
60
61
56
60
61
62
57
60
61
62
57
61
62
55
52
53
55
54
52
54
55
51
49
52
48
53
37
48
49
52
37
36
33
32
25
30
38
33
21
15
2
20
0
1
2
4
0
1
2
4
0
1
2
4
0
1
2
4
0
1
2
4
15
20
22
23
11
15
29
30
15
22
31
43
11
15
25
30
15
20
43
40
2
15
25
42
3
20
43
40
17
25
42
40
20
31
40
47
19
42
40
57
46
42
56
60
46
56
60
62
57
46
60
62
57
62
55
61
54
52
51
55
51
54
52
55
51
49
48
52
37
49
48
52
37
36
33
32
25
38
30
39
22
21
15
20
0
1
2
4
0
1
2
4
0
1
2
4
0
1
2
4
0
1
2
4
15
20
22
23
11
15
29
30
15
22
31
43
3
11
15
25
17
20
15
43
18
2
15
25
19
3
20
43
24
25
17
42
25
20
31
47
30
19
42
40
46
42
56
60
46
56
60
62
57
46
62
60
57
55
51
62
54
52
51
55
56
51
54
52
51
42
48
49
36
37
48
49
36
37
33
32
30
38
25
39
22
21
20
15
0
1
2
4
0
1
2
4
0
1
2
4
0
1
2
4
0
1
2
4
15
20
22
23
11
15
29
30
3
15
22
31
17
3
15
11
24
17
20
15
30
25
18
2
46
19
3
20
46
25
24
17
46
25
31
47
46
30
19
42
46
42
56
60
58
46
62
60
58
46
57
62
37
57
55
51
32
54
52
51
42
56
51
54
42
51
48
49
36
35
37
48
36
33
32
37
36
30
38
25
22
20
21
15
0
1
2
4
0
1
2
4
0
1
2
4
0
1
2
4
0
1
2
4
15
20
22
23
3
11
15
29
17
3
15
22
24
17
3
15
24
46
17
20
30
46
25
18
46
19
3
20
46
47
25
24
46
47
25
31
46
47
42
30
46
59
56
42
58
46
62
60
58
46
57
62
37
55
51
57
36
32
52
54
42
43
56
51
43
42
51
48
35
36
37
48
33
32
36
37
33
30
36
38
19
22
20
15
0
1
2
4
0
1
2
4
0
1
2
4
0
1
2
4
0
1
2
4
15
20
22
23
17
3
11
15
24
17
3
22
24
46
17
3
47
46
24
17
47
46
30
25
47
46
20
19
47
25
46
24
47
31
25
46
47
57
42
30
59
56
57
42
59
60
58
46
51
58
46
57
37
49
51
55
37
36
52
32
38
42
43
56
42
43
46
48
35
36
37
48
35
32
33
36
30
33
38
36
18
19
20
22
0
1
2
4
0
1
2
4
0
1
2
4
0
1
2
4
0
1
2
4
15
20
22
23
17
3
11
15
24
17
3
22
47
24
46
17
47
46
24
17
47
30
25
46
43
47
20
19
34
25
47
24
40
31
25
47
57
42
47
30
56
57
42
59
56
60
59
58
51
57
58
46
49
55
51
37
39
37
52
36
38
42
43
56
42
43
46
48
38
36
37
35
35
30
36
33
25
30
38
33
16
20
18
22
0
1
2
4
0
1
2
4
0
1
2
4
0
1
2
4
0
1
2
4
15
20
22
23
17
11
3
15
30
17
22
24
42
47
17
24
43
47
17
46
43
30
25
47
34
43
19
20
34
32
24
25
34
40
31
25
40
57
42
30
40
56
57
42
56
60
58
59
50
51
57
46
51
49
37
55
39
37
36
52
39
38
42
43
39
46
42
43
38
37
36
35
38
30
36
33
25
30
38
33
21
22
20
16
0
1
2
4
0
1
2
4
0
1
2
4
0
1
2
4
0
1
2
4
15
20
22
23
20
11
17
15
31
30
22
17
43
42
17
24
40
43
17
47
34
43
30
25
32
34
19
20
32
34
24
25
24
25
31
34
25
30
42
40
43
42
40
57
40
56
58
59
40
50
57
51
40
51
37
49
39
36
42
37
39
42
43
38
39
42
43
46
37
39
36
35
30
39
38
36
25
29
30
38
22
21
20
16
0
1
2
4
0
1
2
4
0
1
2
4
0
1
2
4
0
1
2
4
15
20
22
23
20
11
15
17
25
31
22
30
31
43
42
17
42
43
40
17
30
34
25
43
30
19
32
34
24
19
25
32
16
25
24
31
11
25
30
42
22
43
42
40
29
40
56
59
43
40
57
50
40
51
37
49
40
42
36
39
40
42
39
43
39
35
42
43
36
33
37
39
36
30
38
39
30
31
25
38
22
21
20
16
0
1
2
4
0
1
2
4
0
1
2
4
0
1
2
4
0
1
2
4
15
20
22
23
11
15
20
17
11
22
25
30
20
17
31
43
20
17
43
42
16
25
30
43
3
19
30
32
2
19
25
24
15
16
25
24
11
15
25
30
15
22
43
42
20
29
40
56
23
43
40
57
31
40
37
51
40
42
36
39
40
42
43
39
40
42
35
43
34
33
36
39
33
30
36
38
30
38
31
25
19
16
22
20
0
1
2
4
0
1
2
4
0
1
2
4
0
1
2
4
0
1
2
4
15
20
22
23
11
15
20
17
11
15
22
25
15
20
17
31
15
20
17
43
15
16
25
30
15
3
19
30
2
15
19
25
15
16
25
24
11
15
25
30
15
22
43
42
15
20
29
40
15
23
43
40
20
31
40
37
25
42
40
36
43
42
40
39
42
40
43
35
35
34
33
36
35
30
33
38
28
30
38
25
18
16
19
20
0
1
2
4
0
1
2
4
0
1
2
4
0
1
2
4
0
1
2
4
15
20
22
23
11
15
20
17
11
15
22
25
15
20
17
31
15
20
17
43
15
16
25
30
15
3
19
30
2
15
19
25
15
16
25
24
11
15
25
30
15
22
43
42
15
20
29
40
15
23
43
40
15
20
31
40
11
25
42
36
20
43
42
40
23
43
42
35
23
35
33
36
19
30
35
38
18
25
28
30
16
20
18
19
0
1
2
4
0
1
2
4
0
1
2
4
0
1
2
4
0
1
2
4
