25
42
42
47
47
47
47
46
46
58
62
63
62
62
62
55
53
52
49
36
21
15
15
15
15
15
25
43
41
40
40
42
47
47
59
63
61
61
63
63
55
53
53
52
36
33
16
15
15
15
15
15
22
29
43
40
40
40
40
42
57
57
60
61
61
61
54
53
53
48
33
30
16
15
15
15
15
15
15
11
22
25
43
40
40
40
40
57
60
61
61
61
54
53
52
48
32
25
3
15
15
15
15
15
15
15
15
11
20
25
43
40
40
40
56
56
60
61
54
53
48
37
36
25
15
15
15
15
15
15
15
15
15
15
15
15
20
25
31
42
42
56
57
57
54
51
49
37
37
25
21
15
15
15
15
15
15
15
15
15
15
2
3
17
20
19
46
46
46
57
51
51
51
37
37
39
22
15
15
15
15
15
15
15
15
3
17
18
19
24
25
30
46
46
46
51
51
56
42
36
37
39
23
15
15
15
15
15
15
15
3
17
24
30
46
46
46
46
46
58
58
37
32
42
42
35
33
36
23
15
15
15
15
15
15
3
17
24
46
46
46
47
47
47
59
58
51
37
36
43
43
35
33
33
19
15
15
15
15
15
15
17
24
46
47
47
47
47
47
57
57
59
51
49
37
38
46
35
35
30
18
15
15
15
15
15
15
17
24
47
47
47
43
34
40
57
57
56
51
51
39
38
46
38
30
25
16
15
15
15
15
15
15
17
30
42
43
43
34
32
34
40
40
56
50
51
39
39
39
38
38
25
21
15
15
15
15
15
15
20
31
43
40
34
32
32
24
25
43
40
40
40
42
39
39
39
39
29
22
15
15
15
15
15
15
20
25
31
42
30
30
19
16
11
22
29
43
40
40
40
35
33
36
31
22
15
15
15
15
15
15
15
11
20
20
16
3
2
15
15
15
20
23
31
40
40
40
34
33
30
19
15
15
15
15
15
15
15
15
15
15
15
15
15
15
15
15
15
15
20
25
43
42
35
35
28
18
15
15
15
15
15
15
15
15
15
15
15
15
15
15
15
15
15
15
15
11
20
23
23
19
18
16
15
15
15
15
15
29
29
29
29
29
29
29
29
29
29
29
29
29
29
29
29
29
29
29
29
29
29
29
29
29
29
